23.18,27.272,426,721.25,0.00479298817650529,1
23.15,27.2675,429.5,714,0.00478344094931065,1
23.15,27.245,426,713.5,0.00477946352442199,1
23.15,27.2,426,708.25,0.00477150882608175,1
23.1,27.2,426,704.5,0.00475699293331518,1
23.1,27.2,419,701,0.00475699293331518,1
23.1,27.2,419,701.666666666667,0.00475699293331518,1
23.1,27.2,419,699,0.00475699293331518,1
23.1,27.2,419,689.333333333333,0.00475699293331518,1
23.075,27.175,419,688,0.00474535071966655,1
23.075,27.15,419,690.25,0.00474095189694268,1
23.1,27.1,419,691,0.00473937073052061,1
23.1,27.1666666666667,419,683.5,0.00475111875560951,1
23.05,27.15,419,687.5,0.0047337317970825,1
23,27.125,419,686,0.00471494214590473,1
23,27.125,418.5,680.5,0.00471494214590473,1
20.7,22.39,356,457,0.00337466557189241,1
20.7225,22.5,419,470.75,0.00339606511573662,1
20.73,22.5,419,472,0.00339764298252023,1
20.7225,22.525,419,470.5,0.0033998591468996,1
20.7675,22.65,411,478,0.00342837076038827,1
20.79,22.79,411,492,0.00345448814144093,1
20.815,22.8675,411,497.75,0.00347166969308452,1
20.8233333333333,23.0333333333333,408.333333333333,499,0.00349879184810959,1
20.815,23.025,400,507,0.00349571521582248,1
20.89,23.175,396,514.75,0.00353498716046155,1
20.89,23.29,396,515,0.00355262881880505,1
20.89,23.29,396,520.75,0.00355262881880505,1
20.89,23.29,396,526,0.00355262881880505,1
20.89,23.3233333333333,398.333333333333,527,0.00355774252897956,1
20.945,23.39,399.5,531.25,0.00358013032667571,1
20.9633333333333,23.4633333333333,413,536,0.00359549407943774,1
21,23.5,411,542.75,0.00360931921720166,1
21,23.5,411,541,0.00360931921720166,1
21,23.5666666666667,411,548.5,0.00361961800587205,1
21,23.6,412.2,553.25,0.00362476752736239,1
21,23.6,405,559.25,0.00362476752736239,1
21,23.6,405,567.333333333333,0.00362476752736239,1
21,23.7,405,569,0.00364021660047908,1
21,23.7,405,576,0.00364021660047908,1
21.025,23.7225,405,578.75,0.00364932867048953,1
21.025,23.7225,412,585.75,0.00364932867048953,1
21.05,23.745,419,590,0.00365845928385946,1
21.025,23.7225,419,590,0.00364932867048953,1
21.1,23.76,419,587.666666666667,0.00367211235503663,1
21.075,23.72,419,594,0.00366023552315573,1
21.0333333333333,23.6666666666667,419,602.333333333333,0.0036425651983171,1
21.075,23.7675,419,611,0.00366760847238762,1
21.1,23.79,419,611.333333333333,0.00367677626792028,1
21.1,23.79,419,613,0.00367677626792028,1
21.1,23.73,419,615,0.00366744851168384,1
21.15,23.7225,419,615.75,0.00367762368029252,1
21.2,23.745,419,620.5,0.00369251536345345,1
21.2,23.79,419,630.666666666667,0.00369955480346118,1
21.2,23.79,419,640.5,0.00369955480346118,1
21.26,23.8566666666667,423.666666666667,641,0.00372374955324299,1
21.29,23.865,422.5,650.75,0.00373196021214811,1
21.29,23.89,419,651,0.00373589314251898,1
21.3233333333333,23.9266666666667,428.333333333333,654.666666666667,0.00374936387120372,1
21.29,24,424.6,664.25,0.00375319862350842,1
21.34,24,426,675.4,0.00376479322756297,1
21.29,24.05,429.5,675,0.00376106506766724,1
21.29,24.1,419,679,0.00376893170960922,1
21.315,24.175,426,685.5,0.00378656816292857,1
21.29,24.2,419,689.333333333333,0.00378466558687248,1
21.29,24.2,433,692.75,0.00378466558687248,1
21.34,24.15,433,695.5,0.00378846650108156,1
21.3233333333333,24.1,433,693.333333333333,0.00377669052642096,1
21.29,24.1,433,694.25,0.00376893170960922,1
21.34,24.2225,433,703,0.00379990922537672,1
21.29,24.29,433,704.5,0.00379882675290265,1
21.34,24.29,433,709,0.00381056317245117,1
21.34,24.29,433,721.5,0.00381056317245117,1
21.3233333333333,24.29,426.666666666667,727,0.00380664748676956,1
21.3566666666667,24.29,436.333333333333,733,0.00381448240765945,1
21.365,24.29,429,736.25,0.00381644335720262,1
21.39,24.29,429,742,0.00382233153775034,1
21.3566666666667,24.29,429,742.666666666667,0.00381448240765945,1
21.3233333333333,24.29,434,737,0.00380664748676956,1
21.39,24.2675,444,739.25,0.00381876914698375,1
21.3233333333333,24.29,444,752,0.00380664748676956,1
21.39,24.29,444,753.75,0.00382233153775034,1
21.365,24.2225,441.75,746.25,0.00380577286974984,1
21.39,24.26,446,754.666666666667,0.00381758169240746,1
21.39,24.26,439,755.333333333333,0.00381758169240746,1
21.39,24.29,446.5,758.25,0.00382233153775034,1
21.39,24.29,446,766.6,0.00382233153775034,1
21.39,24.29,451.5,781,0.00382233153775034,1
21.4175,24.315,455.25,785.5,0.003832782800254,1
21.39,24.29,447.333333333333,789.666666666667,0.00382233153775034,1
21.445,24.34,444,787.5,0.00384325734848259,1
21.4633333333333,24.3566666666667,455.666666666667,787.666666666667,0.00385025333877057,1
21.5,24.39,454,782.5,0.00386427647734617,1
21.5,24.39,457.333333333333,782.333333333333,0.00386427647734617,1
21.5,24.39,454,786,0.00386427647734617,1
21.5,24.3566666666667,465.666666666667,786.666666666667,0.00385896248129404,1
21.5,24.365,465.5,785.25,0.00386029097184719,1
21.5,24.29,469.666666666667,788,0.00384833475990096,1
21.525,24.5425,478.5,791.25,0.00389458311119627,1
21.55,24.5175,471.25,808.75,0.00389658701648499,1
21.6,24.39,473,812,0.00388815002810914,1
21.6,24.55,484.5,811,0.00391381704229398,1
21.7,24.7,482.5,817.75,0.00396219418759181,1
21.7,24.6966666666667,487.5,833.25,0.00396165607284392,1
21.7675,24.865,490,847.75,0.00400542914152283,1
21.79,24.89,492,854,0.0040150338084687,1
21.815,24.9175,497.25,863.5,0.00402568175706654,1
21.84,25.0225,495.5,869.75,0.00404897389842617,1
21.89,25.15,495.5,880,0.00408226578928212,1
21.89,25.2,497,895.75,0.00409043499770933,1
21.89,25.2,497,895.5,0.00409043499770933,1
21.89,25.2925,495.5,910.75,0.00410554859532466,1
21.9175,25.39,494,919.25,0.00412845029871863,1
21.9633333333333,25.3933333333333,498.666666666667,925.333333333333,0.00414063782090081,1
22,25.4725,504.25,933.75,0.00416299679533861,1
22,25.5,506,936,0.00416752126158064,1
22,25.519,505.75,939.375,0.00417064729463238,1
22,25.538,505.5,942.75,0.00417377335889663,1
22.025,25.5975,518.5,948.25,0.00418998999194358,1
22.05,25.7475,508.5,961.5,0.00422118332665464,1
22.0666666666667,25.7933333333333,503.666666666667,969.333333333333,0.004233077134502,1
22.0666666666667,25.8933333333333,496.333333333333,973.666666666667,0.00424960077695266,1
22.1,25.9266666666667,503,986.333333333333,0.00426382311660346,1
22.1,25.945,506,994.5,0.00426685884543887,1
22.1,26.075,489.5,1003.25,0.00428838576690821,1
22.1,25.83,478,1006.66666666667,0.00424781703306446,1
22.1,25.8233333333333,478,1009,0.00424671319539255,1
22.1,25.8,483.25,998.75,0.00424284979418462,1
22.1,25.8225,484,998,0.00424657521595717,1
22.1,26.05,476,1008,0.00428424585938511,1
22.1,26.1,486.5,1021,0.00429252572916348,1
22.1,26.0725,476.25,1029.5,0.00428797177369297,1
22.1,25.745,469,1025,0.00423374339422388,1
22.1,25.7933333333333,459,1015,0.00424174597402334,1
22.1,25.945,459,1011,0.00426685884543887,1
22.1,26.03,459,1011.66666666667,0.00428093397277306,1
22.125,26.025,460.25,1025,0.00428667719736674,1
22.1,26.1,446.5,1026.75,0.00429252572916348,1
22.1,26.1,466.5,1035,0.00429252572916348,1
22.1,26.175,450.25,1032,0.00430494594433316,1
22.1,26.2,439,1025.66666666667,0.00430908612552796,1
22.1,26.1975,450.25,1026.5,0.00430867210494531,1
22.1,26.2,454,1024,0.00430908612552796,1
22.075,26.2,450.25,1023.5,0.00430247908050949,1
22.075,26.2225,454,1026.5,0.00430619953777207,1
22.1,26.29,454,1031.33333333333,0.00432399123106433,1
22.1,26.29,454,1027,0.00432399123106433,1
22.1,26.29,457.75,1031,0.00432399123106433,1
22.1,26.3566666666667,462.333333333333,1033,0.00433503250737302,1
22.1,26.315,454,1037,0.00432813166406107,1
22.1,26.39,456.5,1038,0.00434055329151115,1
22.1,26.39,454,1034.5,0.00434055329151115,1
22.1,26.39,461.5,1038.5,0.00434055329151115,1
22.1,26.39,444,1037,0.00434055329151115,1
22.1,26.5225,449.5,1037.5,0.00436249937082617,1
22.125,26.4425,449.5,1032.75,0.00435592680689732,1
22.1,26.47,449.5,1031.5,0.00435380357053742,1
22.1,26.445,460,1039.25,0.00434966279811913,1
22.1,26.5,453,1038,0.00435877256970857,1
22.1,26.445,449.5,1040.25,0.00434966279811913,1
22.1,26.5,449.5,1036.75,0.00435877256970857,1
22.1,26.55,460,1045.5,0.00436705441019675,1
22.1,26.5,453,1038,0.00435877256970857,1
22.1,26.5,454.75,1041.75,0.00435877256970857,1
22.1,26.6,449.5,1047.5,0.00437533646969611,1
22.1,26.6,449.5,1045.5,0.00437533646969611,1
22.1,26.575,449.5,1041.5,0.00437119541256949,1
22.15,26.6,449.5,1043,0.00438878240585666,1
22.1,26.7,455.5,1049,0.00439190124576314,1
22.1,26.6666666666667,454,1048,0.00438637955639434,1
22.1,26.675,454,1047,0.00438775996961013,1
22.1,26.625,469,1047.4,0.0043794775815777,1
22.1,26.65,469,1050,0.00438361874821534,1
22.1,26.625,464,1047.75,0.0043794775815777,1
22.1,26.65,469,1047,0.00438361874821534,1
22.1,26.64,469,1048.25,0.00438196227498949,1
22.025,26.4425,469,1034.25,0.00432926861517939,1
22.05,26.34,469,1024.5,0.00431899545312204,1
22,26.29,469,1024.75,0.00429752476185875,1
22,26.29,469,1024,0.00429752476185875,1
22,26.23,469,1021.66666666667,0.00428764918406366,1
22.0666666666667,26.26,464,1016,0.00431019492691724,1
22.05,26.245,454,1009,0.00430331043936086,1
22.075,26.2925,454,1006.25,0.00431777457637761,1
22.1,26.29,454,1007.5,0.00432399123106433,1
22.1,26.245,461.5,1008,0.00431653858961807,1
22.1,26.245,461.5,1002.5,0.00431653858961807,1
22.1,26.245,464,999,0.00431653858961807,1
22.1,26.245,459,1006,0.00431653858961807,1
22.1,26.2,469,1003,0.00430908612552796,1
22.08,26.216,461.5,1006.5,0.00430644624605718,1
22.1,26.2,454,1014,0.00430908612552796,1
22,26.1,454,1009,0.00426625316721653,1
22.08,26.18,454,1009.6,0.00430049171628544,1
22.025,26.125,454,1010.5,0.00427692884900219,1
22,26.175,454,1012.5,0.00427859684467222,1
22.0333333333333,26.23,454,1013.66666666667,0.00429643504783087,1
22.075,26.2675,454,1023.25,0.00431364058490376,1
22,26.2,439,1025,0.00428271151195518,1
22.075,26.29,444.25,1022,0.00431736117477444,1
22.0666666666667,26.3566666666667,453,1024,0.00432617170149728,1
22.05,26.34,450.25,1030.5,0.00431899545312204,1
22.0666666666667,26.3566666666667,454,1032,0.00432617170149728,1
22.075,26.3425,454,1033,0.00432604272304626,1
22.025,26.34,469,1031,0.00431237056908573,1
22.025,26.315,463,1039,0.00430824923274392,1
22.0333333333333,26.39,471,1044.33333333333,0.00432282495101358,1
22.075,26.365,464,1039.5,0.0043297634602676,1
22.075,26.365,464,1044,0.0043297634602676,1
22.0666666666667,26.4266666666667,464,1044.66666666667,0.0043377415988366,1
22.0666666666667,26.4633333333333,474,1051,0.0043438021918476,1
22.1,26.5,479,1047,0.00435877256970857,1
22.1,26.5,465.25,1054,0.00435877256970857,1
22.1,26.5,469,1063.75,0.00435877256970857,1
22.1,26.5,464,1063.5,0.00435877256970857,1
22.1,26.525,466.75,1061.25,0.0043629134625768,1
22.1,26.6,465.666666666667,1065.66666666667,0.00437533646969611,1
22.1,26.6,464,1073.25,0.00437533646969611,1
22.1,26.6,459,1083.66666666667,0.00437533646969611,1
22.1,26.6,454,1082,0.00437533646969611,1
22.1333333333333,26.6,454,1077,0.00438429638374513,1
22.1,26.6,454,1077.33333333333,0.00437533646969611,1
22.175,26.6,454,1079.5,0.00439551902924901,1
22.175,26.6,450.25,1077.75,0.00439551902924901,1
22.175,26.6,442.75,1067.75,0.00439551902924901,1
22.175,26.6,439,1070.25,0.00439551902924901,1
22.2,26.6,439,1070.33333333333,0.00440226477037821,1
22.2,26.6,449.5,1075.5,0.00440226477037821,1
22.2,26.6,454.75,1076.5,0.00440226477037821,1
22.2,26.6,448,1068,0.00440226477037821,1
22.2,26.6,444,1071.5,0.00440226477037821,1
22.15,26.6,444,1075.75,0.00438878240585666,1
22.15,26.6,444,1073.25,0.00438878240585666,1
22.2,26.6,454.666666666667,1069,0.00440226477037821,1
22.175,26.675,460,1062.5,0.00440800023959307,1
22.2,26.7,460,1066.25,0.0044189322146931,1
22.2,26.7633333333333,449.333333333333,1060,0.00442948872153361,1
22.1666666666667,26.8566666666667,444,1077,0.0044359660260218,1
22.2,26.79,444,1091.75,0.00443393367296408,1
22.2,26.8566666666667,444,1097.33333333333,0.00444504632752026,1
22.175,26.9175,440.25,1096.75,0.00444835955732212,1
22.2,26.9175,444,1104,0.00445518696883703,1
22.2,26.89,454.666666666667,1105,0.00445060280264975,1
22.2,26.9725,449.5,1104.75,0.00446435550248734,1
22.2,27,454,1108.66666666667,0.00446893986995333,1
22.2,27,454,1116.25,0.00446893986995333,1
22.2,27,454,1120.66666666667,0.00446893986995333,1
22.2,27.025,457.75,1127.25,0.00447310753496422,1
22.2,27,454,1134.25,0.00446893986995333,1
22.2,27,454,1131.25,0.00446893986995333,1
22.2,27.05,454,1131,0.00447727525542733,1
22.2,27,454,1129.75,0.00446893986995333,1
22.2,27.0666666666667,454,1137.33333333333,0.00448005376654341,1
22.2,27,449.5,1136.5,0.00446893986995333,1
22.2,27.075,460,1129,0.00448144303134378,1
22.2,27.1,444,1126.5,0.00448561086271465,1
22.2,27.075,444,1133.25,0.00448144303134378,1
22.2,27.0666666666667,444,1139,0.00448005376654341,1
22.2,27.1,444,1137,0.00448561086271465,1
22.175,27.1,444,1136.75,0.0044787364943652,1
22.2,27.1,444,1131.25,0.00448561086271465,1
22.2,27.0333333333333,444,1132.33333333333,0.00447449676895718,1
22.2,27,444,1127.5,0.00446893986995333,1
22.2,27.025,444,1114.5,0.00447310753496422,1
22.2,27.1,460,1121.25,0.00448561086271465,1
22.2,27.1,460,1124,0.00448561086271465,1
22.175,27.175,454.75,1127.25,0.00449122102125288,1
22.175,27.125,460,1136,0.0044828979480412,1
22.175,27.125,458.5,1127.75,0.0044828979480412,1
22.2,27.1,461.5,1122.5,0.00448561086271465,1
22.2,27.1,464,1118,0.00448561086271465,1
22.2,27.1,465.666666666667,1110,0.00448561086271465,1
22.2,27.075,481.5,1115,0.00448144303134378,1
22.2,27.1,474,1119.75,0.00448561086271465,1
22.2,27,486.5,1114,0.00446893986995333,1
22.175,27,471.5,1104.75,0.00446209123250109,1
22.2,27.0666666666667,474,1099.33333333333,0.00448005376654341,1
22.2,27,481.5,1097.75,0.00446893986995333,1
22.2,26.945,489,1093.5,0.00445977120211573,1
22.2,27,504,1088,0.00446893986995333,1
22.2,27,502.333333333333,1083.66666666667,0.00446893986995333,1
22.2,27,524,1085.5,0.00446893986995333,1
22.2,26.9633333333333,550,1086.5,0.00446282739490862,1
22.2,26.84,554.2,1081.8,0.00444226812691885,1
22.26,26.8566666666667,562.333333333333,1081,0.00446143218925086,1
22.29,26.865,568.5,1063.25,0.00447104193180879,1
22.315,26.865,606.5,1063,0.00447789834796233,1
22.39,26.79,696.5,1078,0.00448587400570661,1
22.39,26.9725,657.25,1086,0.00451665477446917,1
22.4266666666667,27,744,1098.33333333333,0.0045314585515658,1
22.4725,26.89,708.75,1099,0.004525545460911,1
22.5333333333333,26.8233333333333,607,1092.33333333333,0.00453108315736118,1
22.575,26.84,660,1093.5,0.00454549187725733,1
22.6,26.79,688.5,1100.5,0.00454390539234429,1
22.6,26.815,558,1102,0.00454817669810378,1
22.6,26.8566666666667,661.333333333333,1105,0.00455529567045353,1
22.675,26.89,665.5,1111.25,0.0045819554386193,1
22.6666666666667,26.9633333333333,647.666666666667,1108.33333333333,0.0045922034336642,1
22.7,27.075,638,1124.25,0.00462076851459784,1
22.7225,26.7475,558,1125.25,0.0045707458409672,1
22.7,26.89,534,1106,0.00458896245772806,1
22.7,26.89,520,1110.33333333333,0.00458896245772806,1
22.7,26.9175,513.5,1117.5,0.00459369018079138,1
22.65,26.55,521,1051,0.00451669155295424,1
22.625,26.4975,536.25,1041,0.00450081084146563,1
22.6,26.39,548.333333333333,1039,0.00447557241952152,1
22.625,26.4975,565.75,1037.5,0.00450081084146563,1
22.625,26.525,584.5,1043,0.00450551577040144,1
22.6,26.5,535,1046.33333333333,0.00449436250113661,1
22.6,26.5,546.333333333333,1045.33333333333,0.00449436250113661,1
22.6,26.5,630.5,1035.75,0.00449436250113661,1
22.6333333333333,26.46,570.666666666667,1029.66666666667,0.00449668571036632,1
22.65,26.495,630,1034,0.00450726713960598,1
22.675,26.525,732.75,1038.5,0.004519308911711,1
22.7225,26.4725,686.25,1027,0.00452341072022839,1
22.89,25.945,534,987,0.00447819765083321,1
22.84,25.9175,496.5,983,0.00445978727174012,1
22.8233333333333,25.8566666666667,340.666666666667,983,0.00444472014342114,1
22.29,26.1666666666667,334.333333333333,900.333333333333,0.00435400736653795,1
22.29,26.15,472.25,893.75,0.00435121471308504,1
22.29,25.945,484,809.5,0.00431686711240859,1
22.29,25.9633333333333,454,801,0.00431993869567135,1
22.2,25.96,453,780,0.0042956141263568,1
22.2225,25.99,444,781.5,0.00430655020161292,1
22.2,26.1225,444,776.75,0.00432268995143426,1
22.2,26.05,444,782,0.0043106096787041,1
22.2,26.213,441.9,788.6,0.00433777011822515,1
22.2,26.376,439.8,795.2,0.00436493291351491,1
22.2,26.6,442.5,818.5,0.00440226477037821,1
22.2,26.6666666666667,447,828.333333333333,0.00441337630136881,1
22.2,26.745,443.5,837,0.00442643285401607,1
22.2,26.8233333333333,441,832.666666666667,0.00443948995095924,1
22.2,26.945,438,847.5,0.00445977120211573,1
22.2,27,438,849,0.00446893986995333,1
22.2,26.9175,438,850,0.00445518696883703,1
22.2,26.9175,447,842.5,0.00445518696883703,1
22.2,27.1,441,839,0.00448561086271465,1
22.245,27.125,438,847.75,0.00450218767112889,1
22.2,27.1966666666667,441,860,0.00450172699913369,1
22.2,27.4175,438,885.75,0.00453854714585518,1
22.2,27.5,429,910,0.00455230370735505,1
22.2675,27.4225,429,917.25,0.00455821283752403,1
22.2,26.8975,438,919.75,0.00445185302313812,1
22.23,27.73,441,932,0.00459911494453659,1
22.2,27.745,438,942,0.00459316008733686,1
22.2675,28.025,429,959.75,0.00465911153966592,1
22.2,28,444,966.5,0.00463568973405886,1
22.2,28.1,451,970.666666666667,0.00465236960289551,1
22.245,28.2225,454,988.75,0.0046857222045098,1
22.2225,28.2225,465.25,996.75,0.00467925899457382,1
22.2225,28.3675,474.5,1012,0.00470348162634113,1
22.29,28.39,479,1021,0.00472677070962879,1
22.245,28.245,525.5,1019.5,0.00468948599636347,1
22.29,28.39,515,1020,0.00472677070962879,1
22.29,28.5,494,1037,0.00474522479295852,1
22.29,28.4266666666667,487.333333333333,1047,0.00473292194998911,1
22.315,28.39,474.5,1051,0.00473402225350664,1
22.3233333333333,28.39,486,1052.33333333333,0.00473644161539406,1
22.29,28.3566666666667,502.333333333333,1048.33333333333,0.00472117877771628,1
22.29,28.34,540.5,1050.5,0.00471838284918011,1
22.34,28.39,504,1052.25,0.00474128361261468,1
22.39,28.2,489,1053,0.00472376568359107,1
22.39,28.2,490.25,1051,0.00472376568359107,1
22.39,28.2933333333333,536.333333333333,1049.66666666667,0.00473951902591521,1
22.39,28.39,532,1054,0.00475583582251364,1
22.39,28.2925,543,1067.75,0.0047393783675691,1
22.4266666666667,28.2,543,1066.33333333333,0.0047343896633629,1
22.445,28.245,543,1066.5,0.00474733064778224,1
22.5,28.365,533.25,1081,0.00478374080780174,1
22.4633333333333,28.3266666666667,527,1081.33333333333,0.00476651144434147,1
22.5,28.3175,534,1084.5,0.00477566845366135,1
22.55,28.3175,530,1082.5,0.0047903090040007,1
22.5,28.34,524,1087.5,0.00477949217444028,1
22.525,28.39,526.25,1094,0.0047953238486071,1
22.5,28.39,522,1103.33333333333,0.00478798949876243,1
22.5,28.0333333333333,517,1099.33333333333,0.00472738029153847,1
22.525,28.025,513.5,1085,0.00473320294951395,1
22.575,28.22,524,1086.25,0.00478099837718911,1
22.6,28.2,513.5,1103,0.0047848980542252,1
22.6,28.245,513.5,1106.75,0.00479259236219434,1
22.5,28.29,513.5,1104,0.00477099508051037,1
22.6,28.315,518,1102.25,0.00480456166119307,1
22.55,28.2675,520.75,1097.5,0.00478178576617497,1
22.6,28.29,525,1100,0.0048002868590739,1
22.6,28.245,524.833333333333,1101,0.00479259236219434,1
22.6,28.2,524.666666666667,1102,0.0047848980542252,1
22.6,28.39,489,1102.5,0.00481738641740953,1
22.6,28.39,474,1114,0.00481738641740953,1
22.6,28.34,474,1112,0.00480883652162128,1
22.6,28.1725,472.75,1113.5,0.00478019607012754,1
22.6,28.1475,471.5,1105.25,0.00477592160034705,1
22.6,28.23,464,1104.33333333333,0.00479002757188159,1
22.6,28.1333333333333,469,1107.33333333333,0.00477349942668403,1
22.575,28,465.25,1108.25,0.00474344200093282,1
22.6,28,454,1101.66666666667,0.00475070341532009,1
22.55,27.82,450.25,1097,0.00470551310764671,1
22.525,27.815,449.5,1092.25,0.00469746773815421,1
22.5,27.815,454.75,1102.75,0.00469028417719752,1
22.5,27.745,449.5,1097,0.00467839169614977,1
22.525,27.7,454.75,1086.33333333333,0.00467790018253108,1
22.55,27.7,454.75,1092,0.00468506326046972,1
22.5,27.6,460,1085,0.00465375870689364,1
22.5,27.7,460,1084,0.00467074676810413,1
22.5,27.6,436.5,1076.25,0.00465375870689364,1
22.5,27.33,460,1060.66666666667,0.0046078955418804,1
22.55,27.445,449.5,1051.5,0.00464161176615444,1
22.5,27.4725,460.75,1062,0.00463210026459905,1
22.5,27.39,461,1068.33333333333,0.00461808677616419,1
22.5,27.34,454,1074,0.00460959405790695,1
22.5,27.29,469,1072,0.00460110156985465,1
22.5,27.315,469,1068,0.00460534778510577,1
22.5,27.29,479.666666666667,1072,0.00460110156985465,1
22.5,27.2225,476.75,1072.75,0.00458963707613002,1
22.5,27.2225,476.5,1074,0.00458963707613002,1
22.5,27.2,474,1069,0.00458581567144704,1
22.5,27.15,481.5,1068.25,0.00457732382791874,1
22.5,27.2225,474,1079.75,0.00458963707613002,1
22.4725,27.1975,479,1085,0.00457767810882964,1
22.5,27.1666666666667,469,1066,0.00458015441685334,1
22.5,27.125,474,1063.5,0.00457307799246869,1
22.5,27.15,469,1065.5,0.00457732382791874,1
22.5,27.125,474,1071.25,0.00457307799246869,1
22.5,27.0666666666667,479,1068,0.00456317126685443,1
22.5,27.1,478.5,1064.75,0.00456883221455981,1
22.5,27.1,478.5,1070.75,0.00456883221455981,1
22.5,27.1,477,1072.33333333333,0.00456883221455981,1
22.5,27.025,470.25,1079.25,0.00455609522606849,1
22.5,27,469,1063.5,0.0045518496783126,1
22.5,27,460.666666666667,1074.33333333333,0.0045518496783126,1
22.5,26.9725,465.25,1068.75,0.00454717964223436,1
22.5,26.7333333333333,452.333333333333,1064,0.00450656741532423,1
22.5,26.925,446.5,1048.5,0.00453911338025217,1
22.5,26.9725,449.5,1054.5,0.00454717964223436,1
22.5,27.05,460,1055.5,0.00456034083136088,1
22.445,26.9,456,1064,0.00451962464445108,1
22.4175,26.82,456,1063.25,0.00449850420165594,1
22.39,26.6966666666667,444,1078,0.00447013341157524,1
22.39,26.9633333333333,444,1067.33333333333,0.00451510863631191,1
22.39,27.0225,454.75,1074.75,0.00452508838966376,1
22.39,26.8233333333333,453,1077.33333333333,0.00449149583816393,1
22.39,26.84,449.5,1072.75,0.0044943067922288,1
22.39,26.745,449.5,1074.25,0.00447828469193235,1
22.39,26.79,456,1074,0.00448587400570661,1
22.3566666666667,26.73,449.333333333333,1068.33333333333,0.00446662478682213,1
22.39,26.5725,444,1062.75,0.00444919402578691,1
22.39,26.675,444,1056.5,0.00446647945820187,1
22.39,26.695,444,1054,0.00446985233672554,1
22.39,26.745,444,1068,0.00447828469193235,1
22.39,26.79,444,1074,0.00448587400570661,1
22.4175,26.65,444,1078.75,0.00446978528697734,1
22.4725,26.745,429,1077.5,0.00450096559598787,1
22.445,26.695,429,1077.5,0.00448493305524509,1
22.445,26.745,429,1083.25,0.00449339406421304,1
22.4266666666667,26.6966666666667,429,1088,0.00448018288220535,1
22.39,26.79,438,1086,0.00448587400570661,1
22.4266666666667,26.73,441,1087.66666666667,0.00448581716067179,1
22.39,26.5475,438,1075,0.0044449782113592,1
22.39,26.4175,438,1067.75,0.00442305689098935,1
22.39,26.5333333333333,441,1064,0.00444258927503736,1
22.39,26.456,438,1063.25,0.00442954881442905,1
22.39,26.26,432.75,1065.5,0.00439650042347941,1
22.39,26.4266666666667,444,1068.66666666667,0.00442460257484173,1
22.39,26.4175,444,1073.25,0.00442305689098935,1
22.39,26.34,444,1061.5,0.00440998914145686,1
22.39,26.3233333333333,444,1060.33333333333,0.00440717894397208,1
22.39,26.4633333333333,444,1057.33333333333,0.00443078538653073,1
22.39,26.015,444,1056.25,0.0043551948381356,1
22.39,26.045,429,1046,0.00436025237222819,1
22.39,26.29,435,1049.66666666667,0.00440155862464441,1
22.39,26.2675,438,1052.75,0.0043977649661122,1
22.39,26.29,438,1044.5,0.00440155862464441,1
22.39,26.3233333333333,441,1053.66666666667,0.00440717894397208,1
22.3566666666667,26.3233333333333,441,1059,0.00439818964083385,1
22.39,26.34,438,1067.25,0.00440998914145686,1
22.365,26.29,438,1067.25,0.00439482379023074,1
22.3233333333333,26.39,441,1065.33333333333,0.00440041131442427,1
22.34,26.39,438,1068.75,0.0044049073782613,1
22.34,26.39,447,1074.75,0.0044049073782613,1
22.3233333333333,26.4633333333333,447,1076.33333333333,0.00441272606148445,1
22.365,26.4725,447,1077.5,0.00442554885640755,1
22.315,26.3425,438,1073,0.00439019256195137,1
22.34,26.145,438,1068,0.00436372611266303,1
22.29,26.1425,438,1061.75,0.00434995802715568,1
22.29,25.7,441,1045.66666666667,0.00427582248189627,1
22.29,26.22,438,1041.5,0.00436294402493567,1
22.29,26.2425,442.5,1051,0.00436671425418257,1
22.29,26.125,438,1059.25,0.0043470257795977,1
22.315,26.2,438,1065,0.00436627706397936,1
22.29,26.175,442.5,1064.75,0.00435540370260293,1
22.29,26.1,441,1054.66666666667,0.00434283690213977,1
22.29,25.995,447,1042.5,0.00432524422863232,1
22.2675,25.8925,438,1039,0.0043021347056831,1
22.29,25.89,447,1036.33333333333,0.00430765254338066,1
22.29,25.89,447,1036.5,0.00430765254338066,1
22.29,25.8566666666667,433,1038.66666666667,0.00430206808804728,1
22.245,25.7225,433,1030.5,0.00426780450390924,1
22.23,25.6666666666667,433,1023.66666666667,0.00425456331564984,1
22.29,25.6,433,1019.5,0.0042590711174276,1
22.245,25.55,433,1010,0.00423898873856473,1
22.2675,25.575,433,1002.75,0.00424902053262658,1
22.29,25.5666666666667,433,1002.33333333333,0.00425348752840671,1
22.2675,25.4975,433,998.75,0.00423605702359138,1
22.245,25.55,433,1002,0.00423898873856473,1
22.29,25.5,433,1002.25,0.00424232064905198,1
22.29,25.5,433,1001.5,0.00424232064905198,1
22.29,25.445,433,998.5,0.00423310827337899,1
22.29,25.2,433,990.75,0.00419207461976444,1
22.29,25.23,433,991,0.00419709885985995,1
22.245,25.15,433,986,0.00417217977515601,1
22.29,25.2675,433,976.25,0.00420337927335767,1
22.29,25.2,433,966,0.00419207461976444,1
22.29,25.2,433,966.333333333333,0.00419207461976444,1
22.29,25.15,433,967.5,0.00418370106543207,1
22.29,25.03,433,970,0.00416360544870222,1
22.2225,24.865,433,954.75,0.00411890295856365,1
22.26,24.8266666666667,433,951.666666666667,0.0041219736123528,1
22.245,24.89,433,940.75,0.00412876159251567,1
22.245,24.89,433,935.5,0.00412876159251567,1
22.2225,24.84,433,933.25,0.00411473429693637,1
22.2,24.7,433,937.666666666667,0.00408575176529873,1
22.2,24.7,433,938,0.00408575176529873,1
22.2,24.7,433,933.5,0.00408575176529873,1
22.2,24.7,433,925.5,0.00408575176529873,1
22.2,24.65,433,921,0.00407742679507162,1
22.2,24.5666666666667,433,920.333333333333,0.00406355233666402,1
22.2,24.55,433,912.25,0.00406077751877519,1
22.2,24.334,429.5,913,0.00402481810386428,1
22.2,24.34,433,903,0.00402581692072147,1
22.2,24.395,433,905.5,0.0040349728904295,1
22.2,24.34,433,907,0.00402581692072147,1
22.2,24.3566666666667,433,903,0.00402859142871451,1
22.175,24.39,433,900.5,0.00402796249402516,1
22.175,24.365,433,900.25,0.00402380708201175,1
22.2,24.365,433,900.5,0.00402997869193338,1
22.1333333333333,24.29,433,898.666666666667,0.00400110568029615,1
22.15,24.2225,433,892,0.00399399551699376,1
22.1333333333333,24.2,433,886,0.00398618566110871,1
22.1,24.2675,433,884.25,0.00398921145655858,1
22.1,24.245,433,887,0.00398548909616386,1
22.1,24.29,433,884,0.00399293386122286,1
22.125,24.2675,433,878.5,0.00399533319162209,1
22.1333333333333,24.26,433,887,0.00399613226154318,1
22.125,24.15,433,882.25,0.0039758646672312,1
22.1,24.0725,433,879.25,0.00395695247045276,1
22.1,23.9966666666667,433,866,0.00394440820707065,1
22.1,24.12,433,866,0.00396481012230008,1
22.0666666666667,23.9266666666667,433,863,0.00392479578216467,1
22.025,23.945,433,853.25,0.00391779269090952,1
22,23.9266666666667,433,858,0.00390877204643491,1
22,23.89,433,852.5,0.00390274442392475,1
22,23.89,433,850.666666666667,0.00390274442392475,1
22.025,23.9175,433,847,0.00391326493428083,1
22,23.89,433,840.666666666667,0.00390274442392475,1
22.075,23.9725,426,839,0.00393437247979718,1
22.025,24.0475,213,845.5,0.00393466945182658,1
20.2,18.6,401.333333333333,439,0.00271535808553788,1
20.15,18.7,419,457.25,0.00272155298507209,1
20.125,18.865,411,458,0.00274140981774534,1
20.15,18.89,411,460,0.00274932735405506,1
20.2,18.89,411,459.75,0.0027578820280988,1
20.2,19.05,411,464,0.0027813459918572,1
20.2225,19.05,407.5,463.5,0.00278523619589936,1
20.2675,19.2175,400,470.25,0.00281770037038195,1
20.29,19.2225,400,483.5,0.0028223770615393,1
20.315,19.245,413,488.666666666667,0.00283008460321223,1
20.39,19.22,412.2,496.25,0.00283957702000011,1
20.39,19.26,409,496.25,0.00284551368485454,1
20.4175,19.29,411,497,0.00285483231239523,1
20.4266666666667,19.1633333333333,413,504,0.00283761363273738,1
20.4725,19.0975,411,503.25,0.00283586956883607,1
20.525,19.315,411,509.25,0.00287766626550865,1
20.5,19.2425,405,515,0.00286237602768121,1
20.5666666666667,19.2,409,515.333333333333,0.00286784928706544,1
20.625,19.4175,405,524.5,0.00291098840715561,1
20.65,19.4725,408.5,531,0.00292379571401485,1
20.7,19.5,418.333333333333,530.333333333333,0.00293702219639414,1
20.7,19.5,419,533.666666666667,0.00293702219639414,1
20.7,19.575,419,535.75,0.00294837198145542,1
20.7225,19.6,419,546.25,0.00295626966449128,1
20.7,19.5333333333333,419,547,0.00294206649441474,1
20.79,19.4725,419,546.25,0.00294924006107571,1
20.79,19.5,419,551.25,0.00295342489640642,1
20.79,19.5333333333333,419,560,0.00295849749921988,1
20.79,19.525,419,564,0.00295722934079657,1
20.815,19.625,419,568.75,0.00297704775062286,1
20.79,19.6333333333333,419,572,0.00297371580175007,1
20.84,19.65,419,573,0.00298547070121526,1
20.89,19.72,419,575.25,0.00300543400748227,1
20.865,19.65,419,579.5,0.00299008934004269,1
20.89,19.6,426,583.5,0.00298705753405412,1
20.89,19.6333333333333,423.666666666667,585.333333333333,0.00299216200161059,1
20.89,19.7,426,587.5,0.00300237118686644,1
20.89,19.65,422.5,591.5,0.0029947142666563,1
20.89,19.7,426,594,0.00300237118686644,1
20.89,19.625,419,597.5,0.00299088587690465,1
20.89,19.6333333333333,428.333333333333,595.333333333333,0.00299216200161059,1
20.865,19.675,429.5,590.75,0.00299391183587688,1
20.865,19.7425,429.5,589.75,0.00300423280818658,1
20.8233333333333,19.6666666666667,433,591,0.00298493683482187,1
20.84,19.695,433,589.5,0.0029923405484988,1
20.89,19.7225,433,595.75,0.00300581686216994,1
20.865,19.7225,433,596.75,0.00300117470678015,1
20.8566666666667,19.76,433,598.666666666667,0.00300535972133214,1
20.865,19.7675,433,605.5,0.00300805547702872,1
20.84,19.745,433,609,0.00299997388927963,1
20.84,19.745,433,614,0.00299997388927963,1
20.84,19.745,433,614.75,0.00299997388927963,1
20.89,19.79,433,621,0.00301615411603875,1
20.865,19.7675,433,620.25,0.00300805547702872,1
20.865,19.7675,433,617.5,0.00300805547702872,1
20.865,19.7675,433,621.25,0.00300805547702872,1
20.89,19.79,433,616.666666666667,0.00301615411603875,1
20.865,19.7675,433,620,0.00300805547702872,1
20.8566666666667,19.76,433,628.333333333333,0.00300535972133214,1
20.84,19.7675,433,635.25,0.00300340895346376,1
20.865,19.7675,433,636.5,0.00300805547702872,1
20.89,19.79,433,635.5,0.00301615411603875,1
20.89,19.79,433,635.75,0.00301615411603875,1
20.865,19.7675,433,637.5,0.00300805547702872,1
20.84,19.745,433,629.75,0.00299997388927963,1
20.865,19.7675,433,637.25,0.00300805547702872,1
20.89,19.79,433,647.333333333333,0.00301615411603875,1
20.865,19.7675,433,646,0.00300805547702872,1
20.8233333333333,19.73,433,642.666666666667,0.00299459562233365,1
20.8566666666667,19.7933333333333,433,648,0.003010454028918,1
20.89,19.79,433,655,0.00301615411603875,1
20.9175,19.79,433,650.5,0.0030212854568588,1
20.9266666666667,19.79,433,643.666666666667,0.00302299761050479,1
20.9175,19.79,433,642,0.0030212854568588,1
20.9633333333333,19.79,433,639.333333333333,0.00302985476836808,1
20.89,19.79,436.5,648,0.00301615411603875,1
20.89,19.815,426,649,0.00301998281535946,1
20.89,19.79,433,654,0.00301615411603875,1
20.89,19.9266666666667,433,660,0.00303708491169476,1
20.89,20.1333333333333,442.333333333333,677.333333333333,0.00306873902173689,1
20.89,20.354,435.8,698.2,0.00310254098194816,1
20.89,20.4725,447,709.25,0.00312069444972632,1
20.9266666666667,20.39,442.333333333333,712,0.00311510890191837,1
20.945,20.5,443.5,710,0.00313554997033061,1
20.945,20.445,447,708,0.00312709522572479,1
20.945,20.55,447,707.5,0.00314323630024997,1
20.945,20.6975,447,725.75,0.00316591207479449,1
20.9725,20.7675,438,733.25,0.00318207756450964,1
21,20.79,441,735.333333333333,0.00319096030254309,1
21,20.815,438,740.75,0.00319481714505113,1
21,20.865,438,744.25,0.0032025309728276,1
21,20.79,438,757,0.00319096030254309,1
21,20.79,440,759,0.00319096030254309,1
21,20.815,437.25,752.25,0.00319481714505113,1
21,20.865,438,754.5,0.0032025309728276,1
21.025,20.945,440.25,758.5,0.00321984272199134,1
21.05,21,436.5,764,0.00323333086438862,1
21.05,21.05,441,765.25,0.00324106938547011,1
21.1,21.15,436.5,769.75,0.0032666179277636,1
21.1,21.245,444,780.25,0.00328136808595491,1
21.1,21.29,444,786,0.00328835524589222,1
21.1,21.2225,444,783.25,0.00327787456454339,1
21.1,21.2675,444,787,0.0032848616464043,1
21.1,21.2,444,787.666666666667,0.0032743810821691,1
21.1,21.2,448,786.75,0.0032743810821691,1
21.1,21.2,444,782.5,0.0032743810821691,1
21.1,21.1,454.75,779.75,0.00325885496612408,1
21.1,21.05,454.75,777.5,0.00325109219724338,1
21.1,21.1,460,779.333333333333,0.00325885496612408,1
21.175,21.075,449.5,782.75,0.00327007705069215,1
21.15,21.05,449.5,787.5,0.00326114228977468,1
21.2,21.075,454.75,777,0.00327512524260638,1
21.2,21.0666666666667,449.333333333333,789.666666666667,0.00327382339860608,1
21.175,21.075,460,805.25,0.00327007705069215,1
21.2,20.9975,456,801.25,0.00326301830262213,1
21.2,21,460,796,0.00326340884175517,1
21.2225,21.025,449.5,793.25,0.00327185259165016,1
21.29,20.9633333333333,453,788.333333333333,0.00327581372742662,1
21.2675,21,460,794.5,0.00327702411140154,1
21.29,21,460,797.5,0.00328157363527027,1
21.3233333333333,21.0333333333333,460,810,0.00329357109246129,1
21.29,21,450.75,812.5,0.00328157363527027,1
21.29,21.0333333333333,454.666666666667,813.666666666667,0.00328681000721484,1
21.315,20.9725,444,809.25,0.00328230854413818,1
21.29,21,444,812.333333333333,0.00328157363527027,1
21.29,21.0333333333333,454.666666666667,807.666666666667,0.00328681000721484,1
21.315,21,460,810.5,0.0032866351830872,1
21.34,21,452,811.5,0.00329170360317058,1
21.325,20.978,456,808,0.00328519826458598,1
21.31,20.956,460,804.5,0.0032787018749781,1
21.3233333333333,20.86,460,797.333333333333,0.00326628661412406,1
21.3566666666667,20.9266666666667,460,796.333333333333,0.00328351897769845,1
21.39,20.865,449.5,798.5,0.00328052289186158,1
21.39,20.79,460,796,0.00326866896536751,1
21.34,20.995,449.5,801.25,0.00329091571756336,1
21.34,21.1,449.5,811,0.0033074617322846,1
21.29,21.245,460,821.5,0.00332006301583508,1
21.34,21.2675,455.5,830.25,0.00333385837799151,1
21.29,21.29,457,835,0.00332713300899553,1
21.34,21.2,449.5,831,0.00332322065566757,1
21.315,21.29,454.75,834.75,0.00333226520275809,1
21.29,21.29,460,837,0.00332713300899553,1
21.315,21.29,460,841,0.00333226520275809,1
21.315,21.2675,460,844.5,0.00332872470430793,1
21.39,21.34,460,847,0.00335560819829238,1
21.39,21.2675,454.75,842.5,0.0033441466432948,1
21.39,21.2,453,841,0.00333347591803249,1
21.39,21.2475,449.5,839.5,0.0033409849089552,1
21.365,21.3175,454.75,844.5,0.00334689126491045,1
21.39,21.2,457,847,0.00333347591803249,1
21.39,21.2675,454,847.75,0.0033441466432948,1
21.3233333333333,21.23,464,843.333333333333,0.00332453136508391,1
21.365,21.315,461.5,847.25,0.0033464966480141,1
21.39,21.34,449.5,848.5,0.00335560819829238,1
21.34,21.445,449.5,848.5,0.00336183337511146,1
21.39,21.39,454,854.25,0.00336351296377594,1
21.34,21.1475,455.5,848.25,0.00331494712185242,1
21.3566666666667,21.2,468,844.333333333333,0.00332663598556098,1
21.29,21.2,454,836.5,0.00331299318254051,1
21.3233333333333,21.2,454,838,0.00331980841346625,1
21.315,21.125,469,841.5,0.003306302478428,1
21.34,21,469,832,0.00329170360317058,1
21.315,20.865,469,825,0.00326539589365197,1
21.315,20.9175,465.25,824,0.00327365544586539,1
21.29,21.175,475.25,826.75,0.00330906556645272,1
21.29,21.1,464,824,0.00329728301421794,1
21.29,21.2,459,827.5,0.00331299318254051,1
21.29,21.236,468.2,843.5,0.00331864903638707,1
21.365,21.17,474,845.6,0.0033236097201333,1
21.39,20.79,492.333333333333,837.333333333333,0.00326866896536751,1
21.3233333333333,21.0666666666667,474,825.666666666667,0.00329881838052129,1
21.39,20.97,480.25,831.75,0.00329711914406046,1
21.4725,21.0475,504,832.25,0.00332622797144664,1
21.5,21.1,539.5,843,0.00334021979127877,1
21.5,20.725,509,839,0.00328054259828353,1
21.5,20.84,528.5,832.5,0.00329884239319777,1
21.6,21.0225,499,840,0.00334842756234686,1
21.65,20.9175,497.75,850,0.00334187449611367,1
21.675,21.1,500.25,853.75,0.0033763756804593,1
21.7,21,489,852,0.00336545572585474,1
21.7,20.9725,490.25,856.25,0.0033610247671086,1
21.7,20.945,494,854.5,0.00335659387115217,1
21.7,20.89,485.666666666667,854,0.00334773226760308,1
21.7,20.815,481.5,850.75,0.0033356486674956,1
21.7,20.8925,484,844.5,0.00334813506231597,1
21.7,21.075,482.75,850.75,0.00337754047794719,1
21.73,20.89,477.333333333333,861,0.00335391054716794,1
21.73,20.93,477.333333333333,865,0.00336036728266843,1
21.7675,20.795,485.25,860.75,0.00334627773474081,1
21.754,20.896,485.25,853.25,0.00335983033431899,1
21.73,20.7,482.75,849.75,0.00332324287422974,1
21.79,20.945,464,844.5,0.00337520823685561,1
21.7225,20.87,479,846.75,0.00334913821487917,1
21.745,20.7225,476.75,852.5,0.0033299422525362,1
21.7,20.79,476,851,0.00333162090456645,1
21.7,20.7675,480,854.75,0.00332799596229192,1
21.73,20.73,479,852.666666666667,0.00332808493840404,1
21.7225,20.7,479,848.25,0.00332171157107602,1
21.7225,20.7,485.25,848,0.00332171157107602,1
21.7,20.6,489,846,0.00330101160183458,1
21.7,20.745,489,844.5,0.0033243710620435,1
21.7675,20.7925,471.5,846.75,0.00334587327716802,1
21.76,20.73,471,849,0.00333422534811644,1
21.79,20.55,487.75,837,0.00331121661205061,1
21.79,20.5,467.666666666667,830.333333333333,0.00330311734014026,1
21.79,20.65,469.25,829.5,0.0033274157853251,1
21.73,20.5666666666667,462.333333333333,830.666666666667,0.0033017234962236,1
21.79,20.6,462.75,834.25,0.00331931609377617,1
21.79,20.6225,462.75,833.5,0.00332296092900706,1
21.79,20.5,472.333333333333,827.666666666667,0.00330311734014026,1
21.79,20.678,485,821.25,0.00333195170424639,1
21.745,20.5,479,822.333333333333,0.00329399891137401,1
21.745,20.6,471.5,821.75,0.00331015271078034,1
21.7,20.6666666666667,464,826,0.00331175136679585,1
21.7225,20.65,475.25,829.5,0.00331364536897211,1
21.7,20.6,479,832,0.00330101160183458,1
21.7,20.6,464,823,0.00330101160183458,1
21.7,20.6,469,824,0.00330101160183458,1
21.7,20.6,467.75,825.25,0.00330101160183458,1
21.7,20.625,481.5,830.75,0.00330503897046288,1
21.7,20.5,479,831,0.00328490264608514,1
21.7225,20.6,479,826,0.00330557937496198,1
21.76,20.5333333333333,490.666666666667,818.333333333333,0.00330242542044239,1
21.7225,20.525,502.75,815.75,0.00329348077410498,1
21.7,20.46,507,801,0.00327845929618166,1
21.7,20.575,484,796,0.00329698428508366,1
21.7,20.4425,467.75,801,0.00327564037235591,1
21.7,20.39,464,803,0.00326718375337819,1
21.7,20.39,469,795.666666666667,0.00326718375337819,1
21.7,20.4175,464,794,0.00327161338240943,1
21.7,20.5,471,787,0.00328490264608514,1
21.7,20.39,462.75,787,0.00326718375337819,1
21.7,20.39,481.5,788,0.00326718375337819,1
21.7,20.39,479,786.5,0.00326718375337819,1
21.7,20.39,469.25,788.25,0.00326718375337819,1
21.7,20.39,469,788.333333333333,0.00326718375337819,1
21.7,20.39,469,781,0.00326718375337819,1
21.65,20.365,457.75,788.75,0.0032531429315252,1
21.6333333333333,20.3233333333333,460.666666666667,790.666666666667,0.00324312720518315,1
21.65,20.34,465.5,789.5,0.00324912852407748,1
21.7,20.39,474.333333333333,794.333333333333,0.00326718375337819,1
21.675,20.4175,477.75,792.5,0.00326658997353317,1
21.65,20.2475,487.75,789.5,0.00323427566472548,1
21.7,20.5333333333333,492.333333333333,785.5,0.00329027220577913,1
21.7,20.4725,490.25,792.6,0.00328047282876157,1
21.7,20.4266666666667,484,800,0.00327308993936706,1
21.7,20.4633333333333,480.666666666667,795,0.00327899623693499,1
21.7,20.32,491.5,795.75,0.00325590861722737,1
21.675,20.4175,501.5,802,0.00326658997353317,1
21.7,20.39,494,803,0.00326718375337819,1
21.7,20.39,494,796.25,0.00326718375337819,1
21.7,20.39,479,806.666666666667,0.00326718375337819,1
21.7,20.3933333333333,506,805.666666666667,0.00326772067476656,1
21.7,20.29,514,803,0.00325107654049993,1
21.7,20.4175,513.75,800.25,0.00327161338240943,1
21.7,20.39,514,793,0.00326718375337819,1
21.7,20.39,494,791,0.00326718375337819,1
21.7,20.5,514,800.5,0.00328490264608514,1
21.7,20.4266666666667,507.333333333333,808,0.00327308993936706,1
21.7,20.39,567.5,805.5,0.00326718375337819,1
21.7,20.39,512.75,804,0.00326718375337819,1
21.7,20.34,528.5,798.5,0.00325913004320515,1
21.7225,20.315,541.5,806.25,0.00325960718226015,1
21.7,20.2475,533.75,802.5,0.00324423122631609,1
21.73,20.2933333333333,504,794.333333333333,0.00325761340127826,1
21.79,20.3425,494,800.25,0.00327760600493593,1
21.7675,20.3175,496.5,806,0.00326903583036557,1
21.79,20.245,496.5,804.5,0.00326181431677313,1
21.79,20.295,504,801,0.00326991251875266,1
21.79,20.295,489,801.5,0.00326991251875266,1
21.79,20.2675,489,805,0.00326545848170495,1
21.79,20.23,518.666666666667,802.333333333333,0.00325938489708391,1
21.76,20.26,489,800.666666666667,0.00325823428158547,1
21.79,20.2925,486.5,799.5,0.00326950760367163,1
21.79,20.245,471.5,806,0.00326181431677313,1
21.73,20.3566666666667,474,812.666666666667,0.00326783347909749,1
21.745,20.34,484,816.5,0.00326815456824215,1
21.76,20.39,479,820.333333333333,0.00327925123942565,1
21.7675,20.545,479,817.5,0.00330583456706247,1
21.79,20.39,479,811.333333333333,0.0032852996804469,1
21.745,20.39,484,820.75,0.00327623069597488,1
21.745,20.4725,486.5,815.5,0.0032895567628539,1
21.745,20.445,499,821,0.00328511467744824,1
21.745,20.4425,511.5,821.5,0.00328471085463187,1
21.7,20.495,521.5,813,0.00328409722008502,1
21.73,20.3566666666667,504,801.666666666667,0.00326783347909749,1
21.73,20.29,489,799,0.00325707551170042,1
21.7,20.3566666666667,500.666666666667,799.666666666667,0.00326181459021045,1
21.7,20.2675,511,797.25,0.00324745253196683,1
21.7,20.2225,500.25,789.75,0.00324020464092953,1
21.7,20.2,494,780.25,0.00323658075842388,1
21.7,20.1666666666667,497.333333333333,782.333333333333,0.00323121212081626,1
21.7,20.1,495.666666666667,779.333333333333,0.00322047512218536,1
21.7,20.14,492,773.5,0.00322691727711109,1
21.7,20.15,509,771.666666666667,0.00322852783658594,1
21.7,20,509,769,0.00320437031566424,1
21.7,20,495.25,763,0.00320437031566424,1
21.7,20,499,760,0.00320437031566424,1
21.7,20.1,489,752,0.00322047512218536,1
21.7,20.125,481.25,757.5,0.00322450145345648,1
21.7,20.025,489,759,0.00320839643951202,1
21.7,20,377.75,757.75,0.00320437031566424,1
21.29,19.745,293.5,662.25,0.00308448802253734,1
21.29,19.7,440,660,0.00307742351500443,1
21.29,19.625,483.75,662.5,0.00306564969062438,1
21.29,19.575,492.75,658.75,0.00305780072077818,1
21.29,19.6,499,659.25,0.00306172518106119,1
21.29,19.55,489,652,0.00305387630977445,1
21.29,19.6,479,653.5,0.00306172518106119,1
21.29,19.55,486.5,658.5,0.00305387630977445,1
21.29,19.4175,489,656,0.00303307775413431,1
21.29,19.525,490.25,652.5,0.00304995194804905,1
21.29,19.6,486.5,658.5,0.00306172518106119,1
21.39,19.5,495,665.25,0.00306485175435598,1
21.39,19.5,480.666666666667,660,0.00306485175435598,1
21.39,19.5,485.25,663.25,0.00306485175435598,1
21.445,19.5,494,665,0.00307524859218901,1
21.5,19.5,500.666666666667,668.666666666667,0.00308567645329438,1
21.5,19.4725,508.5,667,0.00308130330108709,1
21.5,19.445,508.5,664,0.00307693021006926,1
21.5,19.4175,500.25,655.25,0.00307255718023959,1
21.5,19.4725,507.5,655.5,0.00308130330108709,1
21.5,19.445,516.5,659,0.00307693021006926,1
21.5,19.365,536.5,656.25,0.00306420883865291,1
21.5,19.39,514,659.5,0.00306818421159682,1
21.5,19.29,516.25,654,0.00305228302321123,1
21.7,19.34,541.5,640,0.00309809939732844,1
21.64,19.31,549.4,645.5,0.0030818848103959,1
21.7,19.1666666666667,509,646,0.00307019585285627,1
21.675,19.125,523.75,637.25,0.00305878636163381,1
21.7,19.12,559.5,632.25,0.0030626837857422,1
21.6333333333333,19.03,549.25,623.25,0.00303573426118885,1
21.6666666666667,19.2,525.333333333333,624,0.00306926860661904,1
21.7,19.2,535.5,633.5,0.00307556172562946,1
21.7,19.075,545.5,634.25,0.0030554401777391,1
21.7,19.1,551,626,0.0030594643836806,1
21.7225,19.1,586,629,0.00306369627833641,1
21.745,19.05,581.75,626.75,0.00305986257422779,1
21.76,19.0666666666667,557.666666666667,626.666666666667,0.00306537537622089,1
21.79,18.9933333333333,571,631,0.00305915765815247,1
21.79,19.05,555.5,629.75,0.00306832968772729,1
21.7675,19,525.25,625,0.00305601180447185,1
21.7675,19,543.75,626,0.00305601180447185,1
21.79,19,563.5,627,0.00306023670648439,1
21.79,19,551.666666666667,630.666666666667,0.00306023670648439,1
21.79,19.15,531,639.25,0.00308451627893368,1
21.76,19.0333333333333,553.333333333333,642.333333333333,0.00305998996399916,1
21.79,19.05,531.5,637,0.00306832968772729,1
21.79,19.1,546.5,654.5,0.003076422878541,1
21.79,19.2,524,658.5,0.00309260988891347,1
21.79,19.2,509,669,0.00309260988891347,1
21.8233333333333,19.23,537.666666666667,673,0.00310381135399823,1
21.89,19.3233333333333,524,680,0.0031317384210383,1
21.815,19.3675,543.25,683.5,0.00312451719861933,1
21.89,19.5,534.666666666667,688.333333333333,0.00316051632812739,1
21.89,19.55,526,709.75,0.00316866149987487,1
21.89,19.675,522,717.75,0.00318902535784885,1
21.89,19.5,549.5,717,0.00316051632812739,1
21.89,19.6,547.75,720.5,0.00317680688387084,1
21.89,19.76,552.333333333333,731,0.00320287353906441,1
21.945,19.79,551,735.5,0.00321860358164257,1
22,19.79,538.333333333333,735.666666666667,0.0032294781187166,1
22,19.7175,555.25,733.25,0.00321758583233142,1
22,19.7675,570,724.75,0.0032257873607345,1
22,19.84,570,729,0.00323767995912783,1
22,19.87,535.5,738,0.00324260116666447,1
22,20,559.333333333333,756.333333333333,0.00326392729455164,1
22,20,566,763.75,0.00326392729455164,1
22.05,20.05,557.25,773.75,0.00328217564472419,1
22.0666666666667,20.0666666666667,562,766,0.00328827575810693,1
22.1,20.075,566.25,760,0.0032963751832523,1
22.1,20.1333333333333,567.666666666667,767,0.00330600460238431,1
22.1,20.1975,562,768.5,0.00331659730598712,1
22.1,20.1,562,767.5,0.00330050204085022,1
22.1,20.1333333333333,554.333333333333,767.666666666667,0.00330600460238431,1
22.125,20.3175,556.75,769.25,0.00334152261381293,1
22.15,20.5,555,790,0.00337686823874045,1
22.1666666666667,20.4633333333333,543.666666666667,799.666666666667,0.00337423855854933,1
22.2,20.5,547,803.75,0.00338722518725759,1
22.2,20.445,539,804.5,0.00337808815466041,1
22.2,20.65,539,802.25,0.00341214572414583,1
22.2,20.7225,539,816.75,0.00342419136227514,1
22.2,20.55,538,812,0.0033955318122178,1
22.2,20.55,541.75,810.333333333333,0.0033955318122178,1
22.2,20.7225,530.5,827,0.00342419136227514,1
22.175,20.745,534.25,830.25,0.00342268518174602,1
22.2,20.65,519,826,0.00341214572414583,1
22.2,20.625,526.75,822.5,0.00340799216341012,1
22.2,20.6633333333333,512,832,0.00341436097909694,1
22.2,20.745,513.5,840,0.00342792975811009,1
22.1333333333333,20.8233333333333,498.666666666667,846,0.00342692208616013,1
22.1666666666667,20.8566666666667,528,853.333333333333,0.0034394546921402,1
22.175,20.8975,528,857.5,0.00344798539445085,1
22.2,20.7,513,860,0.00342045301113125,1
22.2,20.945,523.5,863.5,0.00346116190763739,1
22.2,20.92,523.5,865,0.00345700769581424,1
22.2,21.1475,526,875,0.00349481305730489,1
22.2,21.245,523.5,882.5,0.00351101675417691,1
22.2,21.34,528.75,888.25,0.00352680577917552,1
22.2,21.3175,528.75,894,0.00352306620121933,1
22.2,21.29,528.666666666667,895.333333333333,0.00351849566665982,1
22.2,21.4175,518,893,0.00353968688994445,1
22.175,21.445,518,890,0.00353883417428477,1
22.1666666666667,21.4633333333333,518,898,0.00354006896081683,1
22.175,21.39,513.5,899.25,0.00352970662038708,1
22.2,21.5,513.5,896,0.0035533996230805,1
22.2,21.2925,518.75,902.5,0.00351891116704162,1
22.2,21.4,519,903.333333333333,0.00353677820565809,1
22.2,21.445,509,904.5,0.00354425773419013,1
22.2,21.5,509,905,0.0035533996230805,1
22.2,21.575,512.75,910.75,0.00356586626583119,1
22.2,21.7675,509,915.25,0.00359786625673988,1
22.2,21.6666666666667,509,923.666666666667,0.00358110394844973,1
22.2,21.7675,508.75,930,0.00359786625673988,1
22.15,21.745,514,930.5,0.00358313262624067,1
22.2,21.7,514,925.25,0.00358664510799683,1
22.1666666666667,21.76,509,920.333333333333,0.00358928223034293,1
22.125,21.7475,499,922,0.0035780608196993,1
22.1,21.77,499,924,0.0035762995384961,1
22.1,21.4966666666667,499,919.333333333333,0.00353114237994918,1
22.1,21.1475,499,893.5,0.00347346634582456,1
22.1,21.67,496.5,884.5,0.00355977787054026,1
22.1,21.84,499,914,0.00358786522533605,1
22.1,21.6333333333333,490.666666666667,925,0.00355372014427706,1
22.1,21.1175,504,887,0.00346851138320822,1
22.1,21.575,500.25,884.25,0.00354408309428636,1
22.1,21.6,499,893.333333333333,0.00354821322220911,1
22.1,21.625,496.5,895,0.00355234340467021,1
22.1,21.2925,489,889.75,0.00349741643856871,1
22.1,21.15,489,880.5,0.00347387926291962,1
22.075,21.2225,489,864.75,0.00348051631237202,1
22.1,21.2,481.5,863,0.00348213771931191,1
22.05,21.3975,484,868.5,0.00350400342035632,1
22.0666666666667,21.4933333333333,487.333333333333,876.333333333333,0.00352338444382542,1
22.075,21.3925,484,880.5,0.00350855378876938,1
22.0333333333333,21.5666666666667,487.333333333333,883.666666666667,0.00352825509945877,1
22.1,21.595,484,892,0.00354738719226153,1
22.1,21.225,494,884.5,0.00348626702928911,1
22.1,21.145,494,883.5,0.00347305342927469,1
22.1,21.32,490.25,876,0.00350195890445361,1
22.1,21.5333333333333,479,882.333333333333,0.00353719966894183,1
22.1,21.3925,486.5,908.5,0.00351393481258797,1
22.1,21.1633333333333,479,892.333333333333,0.00347608149663426,1
22.1,21.365,479,878.25,0.00350939217276125,1
22.1,21.0666666666667,479,870,0.00346011565354069,1
22.1,20.9633333333333,479,866.666666666667,0.0034430496191381,1
22.1,21.26,479,863.333333333333,0.00349204815485463,1
22.1,21.445,479,883.5,0.00352260730820437,1
22.1,21.4633333333333,479,896,0.0035256358553889,1
22.1,21.445,475.25,901.75,0.00352260730820437,1
22.1,21.2475,471.5,896.5,0.00348998345488499,1
22.0666666666667,21.0666666666667,464,876.333333333333,0.00345305303685636,1
22.075,21.1725,467.75,865,0.00347227047412126,1
22.05,21.2425,474.5,872,0.00347847904214117,1
22,20.795,474.5,873.5,0.00339437642728385,1
22,20.9633333333333,478,854,0.00342200471525666,1
22,21.2425,474.5,865.25,0.00346782928719183,1
22,20.94,474.5,870.5,0.00341817490584495,1
22,21.1566666666667,478,858.666666666667,0.00345373922628695,1
22.0083333333333,21.0841666666667,478.3,861.633333333333,0.00344359800926237,1
22.0166666666667,21.0116666666667,478.6,864.6,0.00343344579955854,1
22,20.92,477,858.25,0.00341489224939515,1
21.9725,21.315,473,869.75,0.00347386580187436,1
22,21.15,469,877.75,0.00345264487919242,1
22,20.8675,469,867.75,0.00340627544016454,1
22,20.945,469,861,0.00341899557534175,1
22,21.32,469,866.5,0.00348055192640452,1
22,21.3925,469,880.75,0.00349245421876394,1
22,21.05,469,880,0.0034362301323054,1
22,21.2725,469,874,0.00347275411839211,1
21.9633333333333,21.4633333333333,469,885.666666666667,0.00349620985466609,1
21.9725,21.3925,469,901.25,0.00348656736016295,1
21.9633333333333,21.29,469,893.666666666667,0.00346781778870521,1
21.89,21.1725,469,886.5,0.00343308756312797,1
21.89,21.3233333333333,469,879,0.00345768090875961,1
21.9175,21.315,469,879,0.00346216132025755,1
21.89,21.39,469,884.25,0.00346855151214028,1
21.89,21.245,469,877,0.00344490843261269,1
21.89,21.22,469,875.75,0.00344083222024682,1
21.89,21.34,469,877,0.00346039852418017,1
21.89,21.29,461.5,879,0.00345224574876583,1
21.89,21.1725,454,871.75,0.00343308756312797,1
21.89,21.5225,454,880.5,0.00349015795822132,1
21.89,21.39,454,895.666666666667,0.00346855151214028,1
21.89,21.2675,454,896,0.00344857706917022,1
21.865,21.32,459.25,883,0.00345183528393358,1
21.89,21.4966666666667,468,889,0.00348594526353529,1
21.865,21.3175,464.5,890.5,0.00345142827299996,1
21.79,21.53,468,897,0.00347000470919691,1
21.84,21.4425,464.5,913.75,0.0034664537615766,1
21.79,21.1975,464.5,902.5,0.00341612113804534,1
21.76,21.2,468,890.333333333333,0.00341023488811576,1
21.745,21.1725,457,876,0.00340264928168776,1
21.79,21.445,464.5,890,0.00345622907830983,1
21.745,21.34,453.25,893,0.00342971677171415,1
21.73,21.2933333333333,453,891.666666666667,0.00341902206993455,1
21.7225,21.5225,454.75,897.5,0.00345443046971391,1
21.7225,21.5225,460,903.75,0.00345443046971391,1
21.7,21.34,460,908.5,0.00342024367621835,1
21.73,21.5666666666667,460,907,0.0034631549424416,1
21.7225,21.525,460,910.5,0.00345483395650013,1
21.745,21.675,460,917.25,0.00348385878127766,1
21.79,21.6,460,926.5,0.00348134980204223,1
21.79,21.55,460,925,0.00347324612229958,1
21.79,21.6333333333333,460,921.666666666667,0.00348675237186268,1
21.7675,21.7675,460,934,0.00350365142677427,1
21.7675,21.865,460,947.25,0.00351943362075633,1
21.79,21.8233333333333,460,953,0.00351754880204338,1
21.79,21.8175,460,959,0.00351660325248453,1
21.79,21.945,460,959.5,0.00353727091588678,1
21.7675,21.6975,444,962,0.00349232111196078,1
21.76,21.8266666666667,449.333333333333,944,0.0035116096895995,1
21.7225,21.8925,444,953.5,0.00351415217755142,1
21.745,21.815,444,949,0.0035064880701341,1
21.7,21.8233333333333,444,948.666666666667,0.00349814503312957,1
21.745,21.815,444,952.75,0.0035064880701341,1
21.7225,21.97,444,951.25,0.00352666289886336,1
21.79,22.05,444,961.5,0.00355429237009922,1
21.79,21.775,444,964.25,0.00350971433483896,1
21.7675,21.745,444,951,0.00350000949510484,1
21.79,21.7933333333333,444,945.666666666667,0.00351268600619375,1
21.79,21.7225,444,936,0.00350120470488396,1
21.7675,21.79,444,935,0.00350729340085375,1
21.79,21.745,444,938,0.00350485166079896,1
21.7675,21.8175,444,926.75,0.00351174476010142,1
21.7675,21.89,444,932,0.00352348046544661,1
21.79,21.79,447.4,942,0.00351214570021089,1
21.79,21.79,450.666666666667,935,0.00351214570021089,1
21.79,21.79,449,937.5,0.00351214570021089,1
21.79,21.65,438,927.25,0.00348945369177141,1
21.79,21.6,438,916.5,0.00348134980204223,1
21.79,21.745,438,914,0.00350485166079896,1
21.79,21.7,441,910,0.00349755779149528,1
21.79,21.65,437.25,923,0.00348945369177141,1
21.84,21.65,436.5,918.75,0.00350018755285245,1
21.84,21.6,429,904,0.00349205859568566,1
21.79,21.395,432.75,901,0.00344812604947353,1
21.79,21.6,438,893,0.00348134980204223,1
21.79,21.6225,438,885.5,0.00348499652643404,1
21.745,21.575,438,890,0.00346769600595279,1
21.7225,21.5475,438,886.5,0.00345846536100259,1
21.7,21.4266666666667,441,887,0.00343421076761939,1
21.7,21.525,438,883.25,0.003450058799875,1
21.7,21.445,438,874,0.00343716542458736,1
21.7,21.575,447,874,0.00345811742938302,1
21.7,21.5333333333333,447,871.666666666667,0.0034514018903721,1
21.7,21.6,447,879.25,0.00346214682201126,1
21.7,21.516,441.4,872.75,0.00344860826861707,1
21.7,21.36,447,868.5,0.00342346679578799,1
21.7,21.5,443.5,859.75,0.00344602956299322,1
21.7,21.2675,433,848.25,0.00340856014625599,1
21.6666666666667,21.39,433,843,0.00342128270265622,1
21.625,21.315,433,849,0.00340049615612859,1
21.6,21.39,433,841.666666666667,0.00340728297921016,1
21.6,21.39,433,847.5,0.00340728297921016,1
21.6,21.34,433,844.25,0.00339927478840595,1
21.6,21.3233333333333,433,844.333333333333,0.00339660543704568,1
21.6,21.29,433,838.75,0.00339126680268506,1
21.6,21.29,433,831.666666666667,0.00339126680268506,1
21.6,21.2675,433,822.25,0.00338766327601699,1
21.6,21.2,433,817.5,0.00337685294517225,1
21.6,21.1333333333333,433,819,0.00336617644203402,1
21.6,21.1333333333333,433,817.666666666667,0.00336617644203402,1
21.6,21.2,433,818,0.00337685294517225,1
21.625,21.2225,433,819.75,0.00338565881037238,1
21.65,21.2,433,819.5,0.00338725376047017,1
21.6666666666667,21.2266666666667,433,813,0.00339501530594985,1
21.65,21.125,433,811.75,0.00337520552602053,1
21.675,21.175,433,813.75,0.00338844239496995,1
21.7,21.125,433,812,0.00338559723882264,1
21.7,21.05,433,801,0.00337351217535461,1
21.6333333333333,20.9633333333333,433,801,0.00334580555339045,1
21.675,21.175,433,798.75,0.00338844239496995,1
21.7,21.08,433,805.75,0.00337834614469325,1
21.7,20.89,433,802.25,0.00334773226760308,1
21.625,20.9975,433,791.5,0.00334957090815663,1
21.65,20.9175,433,790.5,0.00334187449611367,1
21.65,20.89,433,780.5,0.00333745739733991,1
21.7,20.9175,433,781,0.0033521630379841,1
21.7,20.9633333333333,433,780.333333333333,0.00335954779481322,1
21.7,20.8566666666667,433,778,0.00334236172101358,1
21.7,20.865,433,778.5,0.00334370434901292,1
21.7,20.945,433,780.75,0.00335659387115217,1
21.7,20.84,433,772,0.00333967648231076,1
21.7,20.89,433,777,0.00334773226760308,1
21.7,20.89,426,780.5,0.00334773226760308,1
19.525,27.025,289.75,473.75,0.0037900780521215,1
19.5,27.1,440,481.5,0.00379472120379726,1
19.525,27.125,412,479,0.00380418816642257,1
19.575,27.675,397,496.5,0.00389396425258134,1
19.575,27.6,405,501.5,0.00388334561973281,1
19.6333333333333,27.6333333333333,405,506.666666666667,0.00390227134609569,1
19.6666666666667,27.73,405,510.666666666667,0.00392417548856283,1
19.6333333333333,27.73,399.666666666667,512,0.00391600817872044,1
19.625,27.745,393,517,0.0039160992111958,1
19.6333333333333,27.79,393.666666666667,515,0.00392453479190768,1
19.7,27.9175,389,528.75,0.0039591162199895,1
19.7,27.9633333333333,393.666666666667,534.333333333333,0.00396565750830584,1
19.745,28.05,389,541,0.00398922628686199,1
19.7675,28.175,392.5,546,0.00401275357766118,1
19.79,28.1,393.666666666667,553,0.00400763040822173,1
19.79,28.2675,392.5,559.75,0.00403167415120545,1
19.79,28.3233333333333,389,572.333333333333,0.00403968914263802,1
19.84,28.6975,389,578.75,0.00410620678330711,1
19.89,28.625,389,595,0.00410856715250739,1
19.89,28.65,389,599,0.00411217914359546,1
19.9175,28.8175,393,606.5,0.00414348501236772,1
19.9633333333333,28.96,399.666666666667,622,0.00417603550199632,1
19.945,29.05,397,636,0.00418431261140537,1
20,29.1975,405,655.5,0.00422015535020849,1
20,29.39,405,661.333333333333,0.00424816899318491,1
20,29.445,405,680.8,0.00425617335153449,1
20.05,29.575,405,689.75,0.00428844380050077,1
20.1,29.745,405,695.5,0.00432673019359038,1
20.1,29.79,405,701,0.00433332153014446,1
20.1,29.823,406.75,710.125,0.00433815526512323,1
20.1,29.856,408.5,719.25,0.00434298907471139,1
20.2,29.945,419,736,0.00438325197816447,1
20.125,29.9725,419,743.75,0.00436685324484237,1
20.15,30.15,419,759,0.00439974581852508,1
20.175,30.15,419,765.75,0.00440660425600342,1
20.2,30.195,419,769.5,0.00442010621588718,1
20.215,30.2275,419,774.916666666667,0.00442903360207528,1
20.23,30.26,419,780.333333333333,0.00443797349974626,1
20.29,30.4175,422.5,802.75,0.00447793604275322,1
20.29,30.445,422.5,814.75,0.00448201364899767,1
20.29,30.34,433,816,0.00446644489254803,1
20.29,30.4725,433,822.75,0.00448609130832294,1
20.29,30.5333333333333,433,843.666666666667,0.00449511177360291,1
20.29,30.495,433,850.5,0.00448942761452594,1
20.39,30.7,433,850,0.00454804227200713,1
20.3816666666667,30.7058333333333,433,856.7,0.00454655509061854,1
20.3733333333333,30.7116666666667,433,863.4,0.00454506808230366,1
20.39,30.84,433,886,0.00456893487861928,1
20.39,30.695,433,889,0.00454729613325429,1
20.39,30.795,433,898,0.00456221924597057,1
20.39,30.77,433,902.5,0.0045584884011471,1
20.39,30.8925,433,909.25,0.00457676996532691,1
20.445,30.795,433,922,0.00457785295762528,1
20.4725,30.9175,433,921.5,0.00460406405837682,1
20.5,31.1225,433,929.25,0.00464275012157711,1
20.5,31.1,447,953,0.00463936861182849,1
20.5,31.1,437.666666666667,954,0.00463936861182849,1
20.5,30.9725,442.5,950.75,0.00462020741257856,1
20.5,31.1475,447,959.75,0.00464650739743419,1
20.5,31.245,440,967.75,0.00466116120380042,1
20.5,31.26,442.333333333333,974.333333333333,0.00466341569637859,1
20.5,31.1,447,977,0.00463936861182849,1
20.5,31.1633333333333,441,970.333333333333,0.00464888702878125,1
20.5,31.2225,442.5,968,0.00465777949534847,1
20.55,31.245,438,975.5,0.00467566986676579,1
20.55,31.245,447,981.5,0.00467566986676579,1
20.6,31.245,438,1007,0.0046902184083364,1
20.6,31.3233333333333,447,1013,0.00470206599480761,1
20.6,31.2675,438,1016,0.00469362139263832,1
20.6333333333333,31.26,447,1018,0.00470221302723743,1
20.6,31.295,438,1019.5,0.00469778064586289,1
20.675,31.4725,438,1041.5,0.00474668772497995,1
20.6,31.445,438,1050.5,0.00472046845351942,1
20.7,31.5225,438,1056.75,0.00476167168028189,1
20.65,31.5225,438,1066.5,0.00474691118761033,1
20.7,31.4633333333333,441,1074,0.00475266589264503,1
20.7,31.6,438,1071.75,0.00477346838519578,1
20.7,31.575,442.5,1075.25,0.00476966294799483,1
20.7,31.745,438,1080.75,0.00479554083224444,1
20.7,31.7225,438,1102.5,0.00479211569545842,1
20.7,31.79,438,1106.75,0.00480239121811869,1
20.7,31.795,438,1105.5,0.00480315238134786,1
20.7225,31.865,438,1111,0.00482053773348256,1
20.7,31.7925,441.75,1111,0.0048027717995022,1
20.7,31.84,432.75,1119.25,0.00481000293360061,1
20.7,31.79,429,1127.66666666667,0.00480239121811869,1
20.745,31.895,433.5,1136,0.00483185496321751,1
20.79,31.895,429,1142.5,0.00484536719552159,1
20.79,31.8225,438,1143.75,0.00483426766932679,1
20.79,31.8933333333333,441,1145.33333333333,0.00484511202958552,1
20.79,31.84,438,1144,0.00483694682931541,1
20.79,31.945,438,1147,0.00485302227020273,1
20.79,31.8925,429,1157.5,0.00484498444669539,1
20.79,31.99,435,1150.66666666667,0.00485991199727559,1
20.79,31.9933333333333,441,1159.33333333333,0.00486042235345388,1
20.79,31.9633333333333,441,1167,0.00485582917776536,1
20.79,32.0666666666667,434,1177.66666666667,0.00487165039962569,1
20.79,31.995,444,1178,0.00486067753185466,1
20.815,31.9925,440.25,1175.25,0.00486783932782812,1
20.8233333333333,32.06,439,1184.33333333333,0.00488071292967525,1
20.865,32.1675,444,1198.25,0.0049098802891586,1
20.84,32.245,432.75,1204,0.00491417716994355,1
20.89,32.2,444,1199,0.00492250566731028,1
20.89,32.26,439,1204.33333333333,0.00493175076456065,1
20.89,32.3725,437.25,1224.75,0.00494908605685923,1
20.89,32.1675,432.75,1218.75,0.00491749802014673,1
20.89,32.3333333333333,439,1212,0.00494305069816742,1
20.89,32.25,444,1222.5,0.00493020989608348,1
20.89,32.29,429,1218.5,0.00493637341543825,1
20.89,32.2725,441,1228,0.0049336768608085,1
20.89,32.475,436.5,1237.75,0.00496488126894816,1
20.89,32.4725,440.25,1240.75,0.00496449601040367,1
20.945,32.4975,444,1253,0.00498531945808804,1
21,32.4,444,1262,0.00498721298961528,1
21,32.4,446.75,1261,0.00498721298961528,1
21,32.425,454,1263.8,0.00499109202642223,1
20.9266666666667,32.5266666666667,469,1276.66666666667,0.00498416190757425,1
21,32.5675,469,1294,0.0050132034527675,1
21,32.52,465.25,1294.5,0.00500583280403665,1
21,32.5266666666667,454,1287.66666666667,0.00500686727059776,1
21,32.4725,454,1289.25,0.00499846232859026,1
21,32.545,454,1300.75,0.00500971207124142,1
21,32.59,454,1312,0.00501669487317596,1
21,32.56,454,1315,0.00501203965460524,1
21.025,32.7,454,1315,0.00504156795832232,1
21,32.645,454,1323,0.00502522962009067,1
21.0666666666667,32.8633333333333,454,1325.66666666667,0.0050800507402687,1
21.075,32.8725,454,1330,0.00508410273974399,1
21.1,32.845,454,1338,0.00508768559405042,1
21.05,32.775,454,1334,0.00506105739001047,1
21.1,32.9666666666667,454,1339.66666666667,0.00510668647143731,1
21.1,33.0225,454,1349.25,0.00511540643761103,1
21.1,33.09,454,1354,0.00512594881008055,1
21.1,33.045,454,1361.75,0.00511892052238426,1
21.1,33.0675,454,1369.75,0.00512243464654054,1
21.1,32.925,464.5,1370,0.00510017919200398,1
21.1333333333333,33.0966666666667,458,1371,0.00513758305018677,1
21.1,33.1266666666667,458,1379.33333333333,0.00513167567949639,1
21.1,33.0725,449.5,1384.5,0.0051232155683681,1
21.1,33.025,464.5,1382,0.0051157968895299,1
21.1,32.7675,465.25,1371.2,0.0050755828957469,1
21.125,33.0675,471.75,1352,0.00513037046868385,1
21.1,32.975,474.5,1349.75,0.00510798794352991,1
21.125,33.0425,474.5,1357,0.00512645979018345,1
21.125,33.1175,464,1364.75,0.00513819197200534,1
21.1333333333333,33.0333333333333,464,1369.66666666667,0.00512767079385108,1
21.1666666666667,32.9966666666667,469,1377.33333333333,0.00513251200746536,1
21.15,33.0425,479,1384.5,0.00513440036953829,1
21.1333333333333,33.09,479,1379.33333333333,0.0051365396400273,1
21.175,33.09,479,1387.25,0.00514980537157095,1
21.2,33.1266666666667,480.666666666667,1390.33333333333,0.00516354206128261,1
21.2,33.1725,496.5,1390.25,0.00517074561555594,1
21.2,33.145,496.5,1398.25,0.0051664234631346,1
21.2,33.1633333333333,504,1402.66666666667,0.00516930489146299,1
21.2225,33.145,495.25,1404.75,0.00517362150278515,1
21.245,33.1725,489,1408.5,0.00518516270779162,1
21.29,33.2,489,1414,0.00520396186213006,1
21.29,33.2,489,1415,0.00520396186213006,1
21.29,33.2,500.25,1417.25,0.00520396186213006,1
21.29,33.1266666666667,492.333333333333,1416,0.00519237121110796,1
21.29,33.1725,485.25,1417.75,0.00519961531779453,1
21.29,33.1725,481.5,1414.5,0.00519961531779453,1
21.29,33.145,471.5,1419.25,0.00519526883370197,1
21.29,33.1633333333333,464,1413.33333333333,0.00519816648307007,1
21.29,33.145,464,1421.75,0.00519526883370197,1
21.29,33.23,464,1427.33333333333,0.00520870361556808,1
21.29,33.145,464,1430.25,0.00519526883370197,1
21.29,33.145,475.25,1433.25,0.00519526883370197,1
21.3233333333333,33.1633333333333,479,1441,0.00520889204954885,1
21.29,33.195,479,1432.75,0.00520317157686084,1
21.365,33.24,479,1435.5,0.0052345010349088,1
21.3233333333333,33.23,479,1437.66666666667,0.00521945110462744,1
21.39,33.3,479,1436,0.00525213846178747,1
21.39,33.35,479,1438.5,0.0052600912462056,1
21.39,33.2725,479,1444.75,0.00524776451631467,1
21.39,33.29,474,1453,0.00525054792910304,1
21.39,33.2675,475.25,1449.25,0.00524696926005522,1
21.39,33.2225,479,1439.25,0.00523981204446303,1
21.39,33.2966666666667,469,1441,0.00525160828332974,1
21.39,33.3,471.5,1442.5,0.00525213846178747,1
21.4175,33.2725,464,1441.75,0.00525668994478241,1
21.39,33.2675,464,1449.75,0.00524696926005522,1
21.39,33.3633333333333,464,1453.33333333333,0.00526221202277586,1
21.39,33.3725,464,1458,0.00526367006498669,1
21.39,33.4,478,1456.66666666667,0.0052680442322893,1
21.39,33.3725,474.5,1454,0.00526367006498669,1
21.39,33.4666666666667,478,1458,0.00527864852744951,1
21.4175,33.5425,469.25,1465.5,0.00529971043893642,1
21.39,33.4975,464,1462.75,0.00528355313522219,1
21.4175,33.5675,464,1470.5,0.00530369411652366,1
21.4266666666667,33.5,464,1476,0.00529593713577501,1
21.445,33.3725,464,1460.25,0.00528158893814204,1
21.39,33.4666666666667,464,1455,0.00527864852744951,1
21.4725,33.5675,464,1458.75,0.00532174657216372,1
21.5,33.59,464,1462,0.00533439697991446,1
21.5,33.595,464,1464.25,0.00533519783622714,1
21.5,33.5675,467.75,1472.5,0.00533079315181101,1
21.5,33.84,456.5,1455.5,0.00537444230052315,1
21.5,33.7933333333333,464,1460.33333333333,0.00536696678591759,1
21.5,33.4475,464,1445.75,0.00531157343453232,1
21.525,33.52,464,1445,0.00533140930935942,1
21.5,33.6333333333333,464,1431.66666666667,0.00534133780255613,1
21.5,33.7975,475.25,1435.25,0.00536763423533578,1
21.5,33.6933333333333,479,1429,0.00535094842592544,1
21.5333333333333,34.1,479,1430,0.00542725591180863,1
21.55,33.895,479,1399,0.00539989972278862,1
21.5666666666667,33.79,474,1399,0.00538856864054833,1
21.575,33.595,479,1375.5,0.00535996007684243,1
21.575,33.79,479,1385.25,0.00539134128479374,1
21.6,33.8,471.5,1378.5,0.00540127867028301,1
21.5666666666667,34.43,464,1366.5,0.00549153199576074,1
21.525,34.45,474.5,1396.75,0.00548063063858146,1
21.6,34.475,462.75,1419.75,0.0055100999910828,1
21.5666666666667,34.5,469,1422.66666666667,0.00550279566311072,1
21.575,34.5,461.5,1428,0.00550562759771765,1
21.5,34.5,454,1430,0.00548018651567403,1
21.525,34.475,454,1424.75,0.00548464294445296,1
21.5,34.4475,460.75,1423,0.00547177373905098,1
21.5,34.45,464.5,1401,0.00547217434234631,1
21.5,34.3966666666667,463,1407,0.00546362824965466,1
21.5,34.4,460.75,1401.25,0.00546416237362776,1
21.5,34.4,468,1395,0.00546416237362776,1
21.5,34.4225,464.5,1396.5,0.00546776773423122,1
21.5,34.4225,464.5,1391.5,0.00546776773423122,1
21.5,34.345,454,1399,0.0054553494443516,1
21.5,34.29,454,1402.25,0.00544653676263263,1
21.5,34.29,454,1401,0.00544653676263263,1
21.5,34.245,454,1390.75,0.00543932657080691,1
21.445,34.195,454,1386.5,0.0054128919886134,1
21.5,34.2,454,1380,0.00543211654468858,1
21.5,34.2,454,1370,0.00543211654468858,1
21.4266666666667,34.06,469,1367.66666666667,0.0053852327129369,1
21.39,34.0675,471.75,1362,0.00537423591705614,1
21.4175,34.0225,467.75,1365.25,0.0053762058899107,1
21.445,34.045,481.5,1361.5,0.00538894204544552,1
21.39,33.95,482.75,1355.5,0.0053555403913322,1
21.39,33.9,489,1340,0.0053475851864208,1
21.4725,33.925,496.5,1347,0.00537891427893576,1
21.4725,33.8975,499,1337.25,0.00537451639311458,1
21.5,33.9,499,1339.33333333333,0.00538405393822286,1
21.5,33.845,514,1330.5,0.00537524325908302,1
21.39,33.7,514,1326.5,0.00531576638419822,1
21.4266666666667,33.6933333333333,510.666666666667,1324.33333333333,0.00532676249765869,1
21.5,33.7,514,1315.66666666667,0.00535201629114317,1
21.5,33.7,510.25,1314,0.00535201629114317,1
21.5,33.6266666666667,499,1312.66666666667,0.00534026997369145,1
21.5,33.59,496.5,1316.25,0.00533439697991446,1
21.5,33.59,504,1312,0.00533439697991446,1
21.5,33.59,489,1307,0.00533439697991446,1
21.5,33.56,480.666666666667,1312.33333333333,0.00532959188497775,1
21.5,33.5,486.5,1305.75,0.00531998191592993,1
21.5,33.5,479,1290.75,0.00531998191592993,1
21.5,33.5,475.25,1281.5,0.00531998191592993,1
21.5,33.4666666666667,464,1283.33333333333,0.00531464317145733,1
21.5,33.425,464,1279.25,0.00530796986865074,1
21.5,33.4,464,1274.33333333333,0.00530396595511661,1
21.5,33.3725,469.25,1267.5,0.00529956170926242,1
21.5,33.3175,474.5,1257,0.00529075340308238,1
21.5,33.3175,474.5,1254.75,0.00529075340308238,1
21.5,33.29,471,1255.33333333333,0.00528634934275391,1
21.5,33.29,466.75,1262.5,0.00528634934275391,1
21.5,33.29,469,1262,0.00528634934275391,1
21.5,33.245,469,1254,0.00527914283196837,1
21.5,33.2225,31,1246,0.00527553963866866,1
21.15,32.845,365.75,1121,0.00510345948364146,1
21.2,32.745,454,1108,0.00510356252599249,1
21.1333333333333,32.79,454,1094,0.00508958977608224,1
21.15,32.9,454,1106,0.00511207562615001,1
21.2,32.845,454,1104.25,0.00511927657889409,1
21.2,32.845,454,1102,0.00511927657889409,1
21.2,32.9,454,1113.75,0.0051279196436793,1
21.2,32.9,454,1113,0.0051279196436793,1
21.2,32.9,454,1117.33333333333,0.0051279196436793,1
21.2,32.9,454,1110.75,0.0051279196436793,1
21.2,32.9,461.5,1113.25,0.0051279196436793,1
21.2,32.9,469,1116,0.0051279196436793,1
21.245,32.925,469,1123.25,0.00514615613719146,1
21.2675,32.9725,469,1122.66666666667,0.00516081946773821,1
21.245,32.95,469,1122.2,0.00515009597453412,1
21.29,32.9666666666667,467.333333333333,1123.33333333333,0.00516708400487401,1
21.245,32.925,474.5,1126.5,0.00514615613719146,1
21.26,32.9666666666667,478,1125.33333333333,0.00515750578367724,1
21.29,33,474.5,1119.5,0.00517235200468599,1
21.29,33,478,1125,0.00517235200468599,1
21.29,32.975,464,1124.75,0.00516840099653028,1
21.29,32.975,469.25,1130.5,0.00516840099653028,1
21.29,32.95,474.5,1131.5,0.00516445003815471,1
21.29,32.95,474.5,1129.5,0.00516445003815471,1
21.29,32.9333333333333,472.666666666667,1127.66666666667,0.00516181609355951,1
21.34,32.975,474.5,1131,0.00518440374947686,1
21.29,33.05,451.5,1129,0.00518025417034164,1
21.29,33.2225,459,1147.25,0.00520751817048702,1
21.29,33.045,459,1143.5,0.00517946394481527,1
21.365,33.1725,466.5,1149.5,0.00522378213587924,1
21.39,33.3725,469.25,1164,0.00526367006498669,1
21.39,33.5,464,1171.66666666667,0.00528395080948412,1
21.39,33.545,475.25,1176.5,0.00529110903242173,1
21.39,33.6633333333333,484,1184.66666666667,0.0053099332872336,1
21.39,33.7,482.75,1187.75,0.00531576638419822,1
21.39,33.7225,484,1198.25,0.00531934583831589,1
21.4175,33.87,484,1202.75,0.00535190062568885,1
21.4725,33.95,474,1218,0.00538291241046043,1
21.4633333333333,33.9666666666667,479,1221.33333333333,0.00538252890716354,1
21.5,34.045,489,1226,0.00540728327857935,1
21.5,34.045,489,1230.25,0.00540728327857935,1
21.5,34.0675,489,1235.5,0.00541088798556478,1
21.5,34.045,489,1240,0.00540728327857935,1
21.5,34.09,489,1242,0.00541449273397144,1
21.5,34.2,479,1242,0.00543211654468858,1
21.525,34.2,477.75,1249,0.0054405104018201,1
21.5,34.26,487.333333333333,1260.33333333333,0.00544172994966993,1
21.5,34.245,484,1259.25,0.00543932657080691,1
21.525,34.295,479,1261,0.00545575548740607,1
21.6,34.29,489,1272.5,0.00548027113323906,1
21.5666666666667,34.29,484,1271,0.00546900587411334,1
21.6,34.345,474,1276.25,0.00548913887583278,1
21.6333333333333,35.2566666666667,465.666666666667,1457.66666666667,0.00564777464606213,1
21.625,34.77,476.5,1423.75,0.00556625377486167,1
21.6666666666667,34.6566666666667,479,1342.66666666667,0.00556223213067862,1
21.65,34.7675,474,1341.75,0.00557444404577417,1
21.6333333333333,34.6933333333333,480.666666666667,1345,0.00555672795536732,1
21.7,34.8175,477.75,1353.75,0.00559978131288192,1
21.6666666666667,34.83,489,1355.33333333333,0.00559030134444052,1
21.7,35.0225,474,1369.5,0.00563305054400117,1
21.7,35.0225,489,1383.25,0.00563305054400117,1
21.7,35,472.75,1399.75,0.0056293988707038,1
21.7,35.09,472.333333333333,1398.33333333333,0.00564400581885173,1
21.745,35.24,479,1418.5,0.00568410854617175,1
21.7,35.26,474,1428.66666666667,0.00567159857602907,1
21.7,35.345,464,1441,0.00568539586442128,1
21.73,35.4,464,1440,0.00570487229439401,1
21.745,35.475,474.5,1453,0.00572236207822592,1
21.7675,35.5675,464,1464.25,0.00574538797050582,1
21.76,35.59,464,1469,0.00574639750709881,1
21.79,35.645,464,1471,0.00576601766766884,1
21.79,35.6725,464,1477,0.00577050740121563,1
21.79,35.6725,464,1483.5,0.00577050740121563,1
21.79,35.845,474.5,1496.5,0.00579867174021067,1
21.815,35.845,470.75,1498,0.0058076172727972,1
21.79,35.8633333333333,467.333333333333,1503.66666666667,0.00580166520016687,1
21.84,35.95,466.75,1513,0.00583377318526353,1
21.84,35.9,466.5,1520.5,0.00582558346111598,1
21.84,36.0225,469,1540,0.00584564866480374,1
21.84,36.145,465.25,1541,0.0058657151510938,1
21.865,36.24,454,1565,0.0058903484748188,1
21.89,36.29,457,1579.2,0.00590764822460584,1
21.89,36.3266666666667,464,1580,0.005913673940416,1
21.89,36.425,457.75,1581,0.0059298343856187,1
21.89,36.53,454,1592.66666666667,0.00594709137258928,1
21.89,36.53,454,1600.66666666667,0.00594709137258928,1
21.89,36.5725,455.5,1605.25,0.00595407661317183,1
21.89,36.595,453.25,1616.5,0.00595777474463141,1
21.89,36.59,449.5,1625,0.00595695293387614,1
21.89,36.6633333333333,453,1630,0.00596900637387035,1
21.89,36.645,449.5,1636.5,0.00596599297049162,1
21.89,36.7,449.5,1649.25,0.00597503326739067,1
21.89,36.76,453,1661.66666666667,0.0059848957063279,1
21.89,36.8333333333333,460,1665,0.00599695021906207,1
21.89,36.8725,456,1662.25,0.00600338861431929,1
21.89,36.845,456,1667.5,0.00599886802512078,1
21.9175,36.845,444,1682.75,0.0060090439542928,1
21.89,36.95,444,1684,0.00601612880676526,1
21.9175,37.09,444,1689.5,0.00604938956720005,1
21.945,37.045,444,1695,0.00605222635635452,1
21.89,37.0675,444,1707.5,0.00603544556839896,1
21.89,37,444,1714.33333333333,0.00602434856009213,1
21.945,36.95,444,1715.2,0.00603655510390638,1
21.89,37.1633333333333,444,1718.33333333333,0.00605120125383608,1
21.9175,37.15,440.25,1727.5,0.0060592709156912,1
21.89,37.06,444,1722.66666666667,0.00603421254811,1
21.9175,37.145,444,1716.25,0.00605844745810765,1
21.945,37.2,444,1723.5,0.00607779692098183,1
21.9175,37.24,444,1735,0.00607409352144347,1
21.89,37.3975,444,1744.75,0.00608970325469176,1
21.945,37.425,444,1748,0.00611491918775131,1
21.9266666666667,37.4,439,1752.33333333333,0.00610389406579333,1
21.945,37.45,444,1757.75,0.0061190441549368,1
21.9175,37.2725,444,1762,0.00607944630102008,1
21.945,37.4,444,1762.5,0.00611079427474422,1
21.945,37.475,444,1763.25,0.00612316917630176,1
21.9266666666667,37.4633333333333,444,1767,0.0061143320359338,1
21.89,37.4725,444,1774.5,0.00610203585451183,1
21.945,37.425,444,1780,0.00611491918775131,1
21.89,37.495,444,1785,0.00610573572889759,1
22,37.545,432.75,1792,0.00615554360088436,1
21.9633333333333,37.56,434,1798.33333333333,0.0061441318990109,1
22,37.6725,440.25,1802,0.0061766549455363,1
22,37.59,444,1813.25,0.00616299450167052,1
22,37.6633333333333,439,1815.5,0.00617513708910003,1
22,37.6725,440.25,1814.75,0.0061766549455363,1
21.9725,37.6725,440.25,1828,0.00616619901235127,1
21.9725,37.745,444,1837.5,0.00617818361300241,1
21.9633333333333,37.56,439,1828.33333333333,0.0061441318990109,1
22,37.6266666666667,439,1817,0.00616906573670584,1
21.9725,37.9,444,1819,0.00620380739667747,1
21.9725,37.795,444,1826.5,0.00618644912127627,1
21.89,37.7,444,1823.5,0.00613944770340126,1
22,37.95,444,1832.75,0.00622260807187049,1
22,37.79,444,1847,0.00619611175494833,1
21.9725,37.9475,444,1845.5,0.00621166026498338,1
21.9633333333333,37.8966666666667,444,1846.66666666667,0.00619975336647141,1
22,37.945,444,1848.25,0.00622178002813395,1
22,38.03,444,1850,0.00623585706852875,1
22,38.09,444,1860.5,0.00624579418276272,1
21.9633333333333,38.09,444,1866.66666666667,0.00623169885995895,1
22,38.1633333333333,444,1868.33333333333,0.00625793997152168,1
22,38.1175,444,1875.5,0.00625034879851373,1
22,38.145,444,1879.25,0.00625490348030474,1
22,38.23,439,1888.66666666667,0.00626898200519979,1
22,38.4,444,1896.33333333333,0.00629714094798342,1
22,38.2725,432.75,1895,0.00627602150426355,1
22,38.2966666666667,429,1895.66666666667,0.00628002442702627,1
22,38.37,441,1904,0.00629217153937121,1
22,38.3975,438,1909.75,0.00629672682759661,1
22,38.345,438,1911,0.00628803042557613,1
22,38.4666666666667,441,1915.66666666667,0.00630818435968092,1
22,38.47,438,1932.25,0.00630873654045642,1
22,38.5675,438,1933.75,0.00632488825753033,1
22,38.59,438,1940,0.00632861569478429,1
22,38.5675,438,1938.25,0.00632488825753033,1
22,38.56,441,1935.33333333333,0.00632364578827334,1
22.025,38.7,438,1943.5,0.00635662329742464,1
22,38.645,438,1940,0.00633772739425564,1
22,38.6175,438,1949.25,0.00633317151148691,1
22.05,38.7675,438,1950.75,0.00637763866819206,1
22.0666666666667,38.79,441,1955.33333333333,0.00638793259011949,1
22.05,38.69,438,1962.75,0.00636475868629979,1
22.025,38.8,438,1959.25,0.00637321698051136,1
22.0333333333333,38.6566666666667,441,1968.33333333333,0.00635269352352418,1
22.075,38.745,438,1974.5,0.00638372156712843,1
22.075,38.895,438,1981.25,0.00640869057740842,1
22.1,38.845,438,1972.5,0.00641022896600429,1
22.1,39,438,1984.5,0.00643607184150235,1
22.075,38.8975,438,1991.75,0.00640910674439121,1
22.05,38.9975,438,1994.25,0.00641586623953859,1
22.1,39.045,438,2008.25,0.00644357500993623,1
22.0666666666667,39.0266666666667,441,2014.33333333333,0.00642730956096891,1
22.1,39.0425,442.5,2014,0.00644315816254509,1
22.1,39,447,2016.33333333333,0.00643607184150235,1
22.1,38.97,443.5,2011.25,0.00643106982874839,1
22.1,38.76,447,2003.33333333333,0.00639605796889285,1
22.1,38.69,447,1995,0.00638438821586721,1
22.1,38.845,447,2005,0.00641022896600429,1
22.1,38.8,447,2012.75,0.00640272659380053,1
22.1,38.79,447,2011.5,0.00640105942430457,1
22.1,38.745,447,1993.75,0.00639355727104188,1
22.1,38.79,447,1989,0.00640105942430457,1
22.1,38.8225,447,1993.5,0.00640647775751022,1
22.1,38.845,447,1995.5,0.00641022896600429,1
22.1,38.73,447,1981.66666666667,0.00639105659309384,1
22.1,38.834,447,1982,0.0064083950362563,1
22.1,38.79,447,1990.8,0.00640105942430457,1
22.1,38.8633333333333,442.333333333333,1995.33333333333,0.00641328553937146,1
22.1,38.6225,436.5,1989.25,0.00637313565021581,1
22.1,38.6175,436.5,1950.75,0.00637230214286585,1
22.1,38.7675,436.5,1962.25,0.00639730832528201,1
22.1,38.7,433,1974.5,0.00638605529690565,1
22.1,38.745,433,1988,0.00639355727104188,1
22.1,38.845,433,1987,0.00641022896600429,1
22.1,38.845,433,2000.25,0.00641022896600429,1
22.1,38.79,433,2000,0.00640105942430457,1
22.1,38.8266666666667,433,2001,0.00640717242237104,1
22.1,38.79,433,1997.5,0.00640105942430457,1
22.1,38.845,433,1997.5,0.00641022896600429,1
22.1,38.845,433,2007.5,0.00641022896600429,1
22.1,38.79,433,2007,0.00640105942430457,1
22.1,38.8725,433,1997.5,0.0064148138372054,1
22.1,38.95,433,2001,0.00642773519781588,1
22.1,38.9475,433,2010.5,0.0064273183714376,1
22.1,39,433,2005,0.00643607184150235,1
22.1,39,433,2007.66666666667,0.00643607184150235,1
22.1,38.9725,433,2008.25,0.00643148666010325,1
22.1,39.0225,433,2012.25,0.00643982340332354,1
22.1,39,433,2027.5,0.00643607184150235,1
22.1,39,433,2028.5,0.00643607184150235,1
22.1,38.975,433,2021.75,0.00643190349201108,1
22.1,39,433,2012.5,0.00643607184150235,1
22.1,38.975,433,2007,0.00643190349201108,1
22.1,39.0225,433,2008.25,0.00643982340332354,1
22.1,39.045,433,2019.25,0.00644357500993623,1
22.1,39.03,433,2028,0.00644107393388423,1
22.1,39.0675,433,2015.5,0.00644732666134124,1
22.1,39,433,2010.33333333333,0.00643607184150235,1
22.1,39.0225,433,2019,0.00643982340332354,1
22.1,39.0675,433,2022.5,0.00644732666134124,1
22.1,39.03,433,2016,0.00644107393388423,1
22.1,39.09,433,2013,0.00645107835753937,1
22.1,39.09,433,2017.25,0.00645107835753937,1
22.1,39.1175,433,2012.5,0.00645566382483507,1
22.1,39.09,433,2026,0.00645107835753937,1
22.1333333333333,39.09,433,2023,0.00646433289198431,1
22.1,39.09,433,2027.5,0.00645107835753937,1
22.1,39.0675,433,2025.25,0.00644732666134124,1
22.1,39.0675,433,2028.25,0.00644732666134124,1
22.1,38.7966666666667,433,2012.33333333333,0.00640217086965231,1
22.1,38.86,433,1998.33333333333,0.00641272979654761,1
22.1,38.7225,426,1984.25,0.00638980626158335,1
22.1,38.9,413.666666666667,1973.33333333333,0.00641939877530929,1
22.175,38.9725,328,1986.5,0.0064612516694346,1
22.175,38.895,397,1984.75,0.00644826973999343,1
22.23,38.93,403.666666666667,1995,0.00647601323671025,1
22.245,38.87,419,1995.75,0.00647189793037149,1
22.245,38.695,419,1994.5,0.00644245843905562,1
22.29,38.59,419,1992.5,0.00644260186073005,1
22.2675,38.62,433,1978.75,0.00643874686034003,1
22.2,38.4,433,1959,0.00637516515570553,1
22.2,38.45,433,1954,0.00638355134466451,1
22.2,38.4333333333333,429.5,1943.5,0.0063807559234737,1
22.2,38.4,433,1923.75,0.00637516515570553,1
22.15,38.425,433,1917.5,0.0063597593406323,1
22.125,38.45,433,1926,0.00635415352427576,1
22.1,38.4,433,1927.5,0.0063360467132003,1
22.125,38.3175,433,1921.75,0.00633203398611987,1
22.1,38.29,433,1917.5,0.00631771222677822,1
22.1,38.29,433,1901.75,0.00631771222677822,1
22.1,38.29,433,1893.33333333333,0.00631771222677822,1
22.1,38.27875,430.666666666667,1893.83333333333,0.00631583716915922,1
22.1,38.2675,428.333333333333,1894.33333333333,0.00631396212273147,1
22.1,38.2,433,1880,0.00630271207917561,1
22.1,38.1175,429.5,1871.25,0.00628896257303204,1
22.1,38.145,433,1863.75,0.00629354567488201,1
22.1,38.09,433,1859.33333333333,0.00628437953804466,1
22.1,38.09,423.666666666667,1855,0.00628437953804466,1
22.1,38.09,429.5,1851.25,0.00628437953804466,1
22.1,38.0675,429.5,1845,0.00628062983187738,1
22.1,37.975,433,1839.25,0.00626521484341078,1
22.1,37.95,426,1831,0.0062610487601564,1
22.1,37.9333333333333,428.333333333333,1830,0.00625827140201521,1
22.1,37.925,429.5,1826,0.00625688273215301,1
22.075,37.8975,433,1819.25,0.00624268392678853,1
22.1,37.9,426,1803.25,0.0062527167593995,1
22.1,37.8175,426,1801.75,0.00623896944129705,1
22.0666666666667,37.76,423.666666666667,1796.66666666667,0.00621661703229087,1
22.1,37.79,209.5,1788.5,0.0062343871356248,1
20.3233333333333,33.23,419,456.666666666667,0.00490541284483592,1
20.3233333333333,33.26,433,463,0.00490987640306294,1
20.365,33.4975,419,482.5,0.0049580629225364,1
20.39,33.5,419,484.5,0.0049661593089812,1
20.39,33.5,419,490.333333333333,0.0049661593089812,1
20.39,33.5,409.666666666667,489.666666666667,0.0049661593089812,1
20.4175,33.5225,405,487.25,0.00497803526961612,1
20.4266666666667,33.56,405,494.333333333333,0.00498649261142709,1
20.4175,33.5675,408,499,0.00498477124810134,1
20.4633333333333,33.6633333333333,413,499,0.00501339593919012,1
20.5,33.6725,404.5,494.5,0.00502622448496155,1
20.5,33.7225,407.5,495.5,0.00503374828172461,1
20.5,33.79,405,495.5,0.00504390569377061,1
20.5,33.79,408,502.5,0.00504390569377061,1
20.5,33.79,405,506.666666666667,0.00504390569377061,1
20.55,33.79,405,508,0.00505961533348046,1
20.6,33.8633333333333,405,509.5,0.00508647319424473,1
20.575,33.925,405,516,0.00508789792183084,1
20.6,33.8725,412,521.25,0.00508786134458237,1
20.6,33.895,419,525.75,0.00509126864873998,1
20.65,33.975,419,524.5,0.00511926793567655,1
20.675,33.975,419,527.75,0.0051272263778175,1
20.65,33.975,419,534.5,0.00511926793567655,1
20.65,34.145,419,532,0.00514509499509892,1
20.7,34.4175,419,568.75,0.00520263742441767,1
20.7,34.09,419,556.666666666667,0.00515272157447504,1
20.7,34.2966666666667,419,548,0.0051842197100333,1
20.73,34.4666666666667,419,563.333333333333,0.00521985047405851,1
20.745,34.5675,426,593.75,0.005240129644354,1
20.7675,34.7175,422.5,600.75,0.00527042030609893,1
20.79,35.09,426,623,0.00533490249866746,1
20.79,34.9725,433,631,0.00531688570196619,1
20.79,34.8266666666667,433,636,0.00529452586868443,1
20.84,35.195,433,636.75,0.00536764050115774,1
20.89,35.3,433,663,0.00540052618827497,1
20.8566666666667,35.0966666666667,433,665.333333333333,0.00535805452550947,1
20.89,35.32,433,669.5,0.00540361255833249,1
20.9175,35.475,433,679.25,0.00543680242759036,1
20.89,35.4,433,684.666666666667,0.00541595834222399,1
20.9175,35.7175,433,706.25,0.005474294413411,1
20.95875,35.68375,433,712.625,0.00548309006716284,1
21,35.65,433,719,0.0054918905554738,1
21,35.7,433,730.25,0.00549966117159867,1
21,35.76,433,739,0.00550898616499498,1
21,35.85,433,756.25,0.0055229741747557,1
21,35.7,433,761,0.00549966117159867,1
21.025,35.95,433,763,0.00554710988950315,1
21,35.86,433,771.333333333333,0.00552452843655777,1
21.05,36.05,433,780.25,0.00557130685771428,1
21.05,36.0975,433,787.25,0.00557871353188273,1
21.05,35.995,433,789.5,0.0055627309270867,1
21.1,36.095,433,798.5,0.00559563901834568,1
21.1,36.26,433,820.333333333333,0.00562144937350851,1
21.1,36.2,447,821,0.00561206354418701,1
